Within-date AUC of the walk-forward score for a superior 21-session trade (0.5 = no skill), by test year:
      stock + market  stock only  shuffled control  superior_42 (same score)  superior_63 (same score)
2015             NaN         NaN               NaN                       NaN                       NaN
2016             NaN         NaN               NaN                       NaN                       NaN
2017           0.503       0.515               NaN                     0.498                     0.501
2018           0.533       0.532               NaN                     0.551                     0.559
2019           0.528       0.520               NaN                     0.521                     0.513
2020           0.492       0.481               NaN                     0.468                     0.431
2021           0.523       0.536             0.490                     0.529                     0.553
2022           0.484       0.519               NaN                     0.491                     0.488
2023           0.507       0.504               NaN                     0.520                     0.526
2024           0.538       0.533             0.503                     0.526                     0.526
2025           0.521       0.528               NaN                     0.502                     0.502
2026           0.491       0.500               NaN                     0.505                     0.497

mean 2017+: {'stock + market': 0.512, 'stock only': 0.517, 'shuffled control': 0.497, 'superior_42 (same score)': 0.511, 'superior_63 (same score)': 0.51}
inside risk buckets (2017+): {'inside beta terciles': 0.518, 'inside typical-move terciles': 0.517}

2017-2023: deciles of the score within each date (10 = highest)
       rows  superior_21  superior_42  superior_63  mean_xs_21  med_xs_21  beat_spy_21  med_mar_21  med_dd_21  stopped_21  med_xs_63  mean_xs_63  med_beta  med_move
dec                                                                                                                                                                 
1    131471        0.192        0.187        0.187       0.000     -0.007        0.453      -0.126     -0.060       0.281     -0.029      -0.000     1.103     0.010
2    132319        0.195        0.190        0.190       0.000     -0.007        0.458      -0.113     -0.061       0.281     -0.028      -0.000     1.100     0.010
3    132513        0.195        0.194        0.193       0.001     -0.006        0.460      -0.107     -0.061       0.282     -0.028       0.001     1.091     0.010
4    132305        0.196        0.197        0.195       0.001     -0.007        0.460      -0.110     -0.061       0.282     -0.028       0.001     1.084     0.010
5    132175        0.200        0.201        0.200       0.001     -0.006        0.462      -0.107     -0.061       0.281     -0.028       0.002     1.070     0.010
6    132617        0.201        0.205        0.202       0.001     -0.006        0.462      -0.102     -0.061       0.280     -0.027       0.002     1.048     0.010
7    132507        0.204        0.206        0.205       0.001     -0.007        0.459      -0.113     -0.061       0.282     -0.028       0.002     1.024     0.010
8    132311        0.206        0.208        0.207       0.001     -0.007        0.461      -0.115     -0.061       0.279     -0.028       0.001     0.988     0.010
9    132521        0.208        0.208        0.211       0.001     -0.007        0.458      -0.118     -0.061       0.279     -0.029       0.001     0.933     0.010
10   133313        0.210        0.209        0.210       0.001     -0.008        0.452      -0.140     -0.060       0.273     -0.031      -0.001     0.846     0.009

2024 onward: deciles of the score within each date (10 = highest)
      rows  superior_21  superior_42  superior_63  mean_xs_21  med_xs_21  beat_spy_21  med_mar_21  med_dd_21  stopped_21  med_xs_63  mean_xs_63  med_beta  med_move
dec                                                                                                                                                                
1    59462        0.180        0.183        0.184      -0.004     -0.021        0.404      -0.316     -0.070       0.329     -0.052      -0.002     1.067     0.011
2    59700        0.186        0.192        0.193      -0.003     -0.017        0.418      -0.276     -0.069       0.316     -0.049      -0.002     1.017     0.011
3    59848        0.191        0.193        0.195      -0.003     -0.016        0.423      -0.261     -0.068       0.309     -0.049      -0.003     0.992     0.011
4    59776        0.195        0.197        0.194      -0.002     -0.016        0.427      -0.253     -0.068       0.308     -0.048      -0.002     0.968     0.011
5    59660        0.196        0.200        0.196      -0.003     -0.016        0.425      -0.263     -0.068       0.311     -0.049      -0.003     0.937     0.010
6    59928        0.204        0.201        0.197      -0.002     -0.016        0.424      -0.259     -0.068       0.311     -0.048      -0.003     0.900     0.010
7    59815        0.207        0.204        0.203      -0.002     -0.015        0.433      -0.250     -0.068       0.307     -0.048      -0.003     0.846     0.010
8    59809        0.206        0.206        0.204      -0.003     -0.016        0.429      -0.260     -0.067       0.306     -0.049      -0.005     0.741     0.010
9    59739        0.207        0.203        0.201      -0.004     -0.017        0.422      -0.289     -0.065       0.293     -0.052      -0.007     0.581     0.010
10   60194        0.218        0.207        0.203      -0.004     -0.016        0.427      -0.280     -0.062       0.269     -0.050      -0.009     0.393     0.009

feature importance (share of split gain, mean over folds), top 30:
mkt_move_pctile           0.0322
mkt_roc_63                0.0320
mkt_mad_pctile            0.0310
r_own_sup_rate_756        0.0288
r_new_high252_count_63    0.0286
mkt_disp_iqr_21           0.0267
mkt_vix                   0.0260
mkt_off_high_252          0.0252
mkt_breadth_63h           0.0228
r_beta_l1_252             0.0213
mkt_vix_pctile            0.0207
mkt_roc_21                0.0205
mkt_breadth_up21          0.0179
r_down_capture_252        0.0173
r_log_dollar_vol_63       0.0161
r_ind_sup_rate_21         0.0149
r_up_capture_252          0.0147
r_days_since_high_252     0.0145
r_earn_due_21             0.0139
r_own_stop_rate_252       0.0124
r_log_price               0.0115
r_own_dd_med_252          0.0109
r_own_sup_rate_252        0.0098
r_ind_roc_21              0.0092
r_new_high63_share_63     0.0092
r_ind_breadth_63h         0.0090
r_mdd_252                 0.0090
r_own_marpct_med_252      0.0087
r_mdd_126                 0.0084
r_si_dtc_now              0.0083