                                 n P_off fwd21 fwdDD21 days P_days P_days_2018        last   live recent
RSP_bleed_month_yields_up       37   0.3 -0.92   -4.72  112   0.33        0.49  2026-05-12   True   True
RSP_bleed_quarter_yields_up     27  0.33 -1.76   -4.67   97   0.41        0.46  2026-05-12   True   True
QQQE_bleed_quarter_yields_up    25  0.28 -0.89   -3.98   64   0.41        0.62  2026-05-13  False  False
EW_rotation_inside_decline      67  0.33 -0.58   -4.98  260   0.36        0.45  2026-03-26  False  False
RSP_broadening_vol_compressing  49  0.06  2.09   -1.17  140   0.06        0.06  2026-08-27  False  False
KB 31
           chg21  chg63  roc5z  roc21z  roc63z  accel5z  P_bot21  P_top21  P_bot63  P_top63
pair                                                                                       
RSP/SPY    -4.20  -4.58  -0.46   -1.58   -1.05     0.13     0.15     0.18     0.23     0.14
QQQE/QQQ   -3.55  -3.53  -0.71   -1.45   -0.87    -0.26     0.09     0.24     0.17     0.20
RSPT/XLK    0.17   0.33   1.07   -0.21   -0.56     1.29     0.16     0.23     0.23     0.16
RSPS/XLP   -2.60  -2.06  -0.77   -1.63   -0.52    -0.49     0.20     0.22     0.21     0.18
RSPH/XLV    0.15   3.85  -0.33   -0.04    1.48    -0.45     0.23     0.13     0.32     0.10
RSPF/XLF   -0.73  -1.07  -0.25   -0.74   -0.97    -0.04     0.17     0.21     0.22     0.16
RSPD/XLY   -2.67  -1.87  -1.02   -0.65   -0.23    -1.00     0.21     0.17     0.23     0.14
RSPG/XLE   -1.92  -3.78   1.55   -1.33   -2.07     2.46     0.24     0.19     0.28     0.12
RSPU/XLU    0.11  -0.96  -1.00    0.03   -1.35    -1.08     0.14     0.23     0.13     0.23
RSPM/XLB   -1.48   0.27  -1.10   -2.22   -0.54     0.13     0.20     0.19     0.19     0.23
RSPN/XLI   -0.15  -0.06   0.22    0.31    0.82     0.23     0.21     0.19     0.24     0.14
RSPR/XLRE  -0.35  -1.78  -0.29    0.01   -0.56    -0.30     0.18     0.11     0.24     0.04
RSPC/XLC   -4.77  -3.26  -0.10   -2.04   -0.94    -0.15     0.11     0.19     0.08     0.14
{'med5': -0.33, 'med21': -0.65, 'share': 0.33, 'share_z': -0.79} TNX21z 2.43 SPY21z 0.53
