baseline 2003+: median fwd63 3.9  fwd126 6.9  maxDD63 -2.9  maxDD126 -3.8  P(5%/63d) 0.31  P(10%/126d) 0.22

==== A: TNX pct>=90 & TNX 21d chg z>=1.5 & VIX pct<=30 & SPY within 3% of 63d high (1991+): 66 days, 13 episodes ====
         start  days  fwd21  fwd42  fwd63  fwd126  maxDD42  maxDD63  maxDD126  d_to_-5%  d_to_-10%
0   1999-06-23     1    2.0    2.6   -1.6     8.3     -3.3     -3.3      -6.0      80.0        NaN
1   2000-01-11     1   -2.1   -4.2    4.3     3.6     -8.0     -8.0      -8.0      12.0        NaN
2   2002-03-14     6   -4.4   -4.7  -12.9   -25.3     -9.5    -12.9     -36.5      28.0       58.0
3   2003-07-28    11    0.3    0.8    4.0    14.7     -3.5     -3.5      -3.5       NaN        NaN
4   2004-04-15     4   -2.6    0.9   -1.6    -1.3     -3.7     -3.7      -5.2      78.0        NaN
5   2006-04-19     1   -3.7   -5.3   -3.7     5.0     -6.6     -6.6      -6.6      37.0        NaN
6   2009-12-28     4   -3.8   -0.7    4.5    -7.0     -6.3     -6.3      -7.0      26.0        NaN
7   2013-05-14     3   -0.6    2.3    3.1     8.1     -4.5     -4.5      -4.5       NaN        NaN
8   2013-07-12     2    1.0    1.1    1.5    10.5     -2.5     -2.5      -2.5       NaN        NaN
9   2016-11-15    18    3.8    4.4    7.8     9.2     -0.2     -0.2      -0.2       NaN        NaN
10  2021-02-24    12   -0.2    6.7    6.9    14.1     -3.9     -3.9      -3.9       NaN        NaN
11  2021-10-19     2    3.8    2.4    0.6    -0.7     -0.0     -0.0      -7.6      87.0        NaN
12  2022-01-04     1   -6.7  -13.0   -5.4   -19.8    -13.0    -13.7     -26.1      10.0       33.0
median: {'fwd21': -0.6, 'fwd42': 0.9, 'fwd63': 1.5, 'fwd126': 5.0, 'maxDD42': -3.9, 'maxDD63': -3.9, 'maxDD126': -6.0}  P(5% DD/63d) 0.38  P(10% DD/126d) 0.15

==== B: A + MOVE pct>=80 (2003+): 26 days, 5 episodes ====
        start  days  fwd21  fwd42  fwd63  fwd126  maxDD42  maxDD63  maxDD126  d_to_-5%  d_to_-10%
0  2013-07-12     2    1.0    1.1    1.5    10.5     -2.5     -2.5      -2.5       NaN        NaN
1  2016-11-15     9    3.8    4.4    7.8     9.2     -0.2     -0.2      -0.2       NaN        NaN
2  2021-02-24    12   -0.2    6.7    6.9    14.1     -3.9     -3.9      -3.9       NaN        NaN
3  2021-10-19     2    3.8    2.4    0.6    -0.7     -0.0     -0.0      -7.6      87.0        NaN
4  2022-01-04     1   -6.7  -13.0   -5.4   -19.8    -13.0    -13.7     -26.1      10.0       33.0
median: {'fwd21': 1.0, 'fwd42': 2.4, 'fwd63': 1.5, 'fwd126': 9.2, 'maxDD42': -2.5, 'maxDD63': -2.5, 'maxDD126': -3.9}  P(5% DD/63d) 0.2  P(10% DD/126d) 0.2

==== C: B + VVIX pct<=25 (2008+): 12 days, 4 episodes ====
        start  days  fwd21  fwd42  fwd63  fwd126  maxDD42  maxDD63  maxDD126  d_to_-5%  d_to_-10%
0  2013-07-12     2    1.0    1.1    1.5    10.5     -2.5     -2.5      -2.5       NaN        NaN
1  2016-11-21     3    3.1    3.9    7.7     9.9     -0.3     -0.3      -0.3       NaN        NaN
2  2021-02-24     5   -0.2    6.7    6.9    14.1     -3.9     -3.9      -3.9       NaN        NaN
3  2021-10-19     2    3.8    2.4    0.6    -0.7     -0.0     -0.0      -7.6      87.0        NaN
median: {'fwd21': 2.0, 'fwd42': 3.2, 'fwd63': 4.2, 'fwd126': 10.2, 'maxDD42': -1.4, 'maxDD63': -1.4, 'maxDD126': -3.2}  P(5% DD/63d) 0.0  P(10% DD/126d) 0.0

==== D: TYX pct>=95 & TYX 21d chg z>=2 & VIX pct<=20 (1991+): 17 days, 4 episodes ====
        start  days  fwd21  fwd42  fwd63  fwd126  maxDD42  maxDD63  maxDD126  d_to_-5%  d_to_-10%
0  2003-07-28     5    0.3    0.8    4.0    14.7     -3.5     -3.5      -3.5       NaN        NaN
1  2006-03-29     2    1.1   -3.1   -3.7     3.7     -3.8     -5.9      -5.9      52.0        NaN
2  2016-11-18     9    4.1    4.0    8.4    10.4      0.5      0.5       0.5       NaN        NaN
3  2021-03-12     1    5.0    3.2    7.7    12.9     -1.3     -1.3      -1.3       NaN        NaN
median: {'fwd21': 2.6, 'fwd42': 2.0, 'fwd63': 5.8, 'fwd126': 11.6, 'maxDD42': -2.4, 'maxDD63': -2.4, 'maxDD126': -2.4}  P(5% DD/63d) 0.25  P(10% DD/126d) 0.0

==== E: MOVE/VIX ratio pct>=95 & SPY within 3% of high (2003+): 429 days, 30 episodes ====
         start  days  fwd21  fwd42  fwd63  fwd126  maxDD42  maxDD63  maxDD126  d_to_-5%  d_to_-10%
0   2003-10-16     6    0.0    2.6    8.5     8.5     -2.0     -2.0      -2.0       NaN        NaN
1   2004-01-23     2   -0.0   -4.0    0.3    -4.4     -4.1     -4.1      -4.7       NaN        NaN
2   2004-04-05    11   -2.2   -2.0   -2.3    -0.4     -5.7     -5.7      -7.2      24.0        NaN
3   2004-09-02     1    1.5    1.3    6.5     9.8     -2.0     -2.0      -2.0       NaN        NaN
4   2004-11-03     1    3.9    4.1    4.2     3.3      1.4      1.4       0.1       NaN        NaN
5   2005-02-16     3   -1.8   -4.5   -1.6     1.6     -5.6     -5.9      -5.9      40.0        NaN
6   2005-07-11     5    1.2    1.3   -1.5     6.4     -1.0     -1.8      -3.3       NaN        NaN
7   2006-11-17     7    1.8    2.2    4.4     9.2     -1.4     -1.4      -1.7       NaN        NaN
8   2007-12-10     1   -6.8  -12.3  -14.1   -11.7    -14.6    -16.7     -16.7      17.0       26.0
9   2008-04-16    11    4.1   -0.5   -9.4   -30.4     -2.1    -11.8     -42.5      50.0       62.0
10  2009-06-01    16   -2.5    4.6    9.3    15.5     -6.9     -6.9      -6.9      15.0        NaN
11  2010-12-02    23    4.1    6.8    8.3     7.2      0.2      0.2       0.2       NaN        NaN
12  2012-03-14     9   -1.6   -3.8   -5.3     4.1     -3.8     -8.4      -8.4      45.0        NaN
13  2012-08-16     2    3.3    3.0   -3.5     7.6     -1.1     -4.0      -4.0       NaN        NaN
14  2013-05-17    36   -0.7    1.7   -0.1     8.1     -5.6     -5.6      -5.6      25.0        NaN
15  2014-11-26     2    1.1   -2.2    2.6     2.9     -4.8     -4.8      -4.8       NaN        NaN
16  2015-01-23    26    3.3    0.8    3.7     2.4     -2.7     -2.7      -2.7       NaN        NaN
17  2015-05-14    11   -1.5   -0.3   -1.2    -1.1     -3.2     -3.2     -12.0      69.0       70.0
18  2016-07-19     5    1.0   -0.8   -1.3     5.9     -1.4     -1.4      -3.1       NaN        NaN
19  2016-11-10    38    4.2    4.9    7.6    11.3     -0.2     -0.2      -0.2       NaN        NaN
20  2019-03-29     1    4.0   -1.2    4.1     5.4     -1.5     -2.8      -2.8       NaN        NaN
21  2019-06-12    22    4.6    0.4    4.5     9.3     -1.1     -1.1      -1.1       NaN        NaN
22  2019-09-06    20   -1.2    3.4    5.0    -7.4     -2.9     -2.9      -7.4     126.0        NaN
23  2021-02-19    37    1.0    6.8    6.6    12.7     -3.5     -3.5      -3.5       NaN        NaN
24  2021-06-25    17    2.9    5.1    4.3    10.5     -0.4     -0.4      -0.4       NaN        NaN
25  2021-10-15    27    4.7    5.4    4.5    -1.1      0.3      0.3      -6.5      89.0        NaN
26  2022-08-05     8   -5.6   -8.8  -10.4    -0.0    -14.2    -14.4     -14.4      20.0       34.0
27  2022-11-23     8   -4.5    1.0   -0.7     5.1     -6.2     -6.2      -6.2      17.0        NaN
28  2023-03-06    44    1.4    0.5    5.8    11.2     -4.8     -4.8      -4.8       NaN        NaN
29  2023-11-13    29    6.7    8.0   12.9    19.2      1.9      1.9       1.9       NaN        NaN
median: {'fwd21': 1.2, 'fwd42': 1.2, 'fwd63': 3.9, 'fwd126': 5.6, 'maxDD42': -2.4, 'maxDD63': -3.0, 'maxDD126': -4.4}  P(5% DD/63d) 0.3  P(10% DD/126d) 0.13
