
=== after SETUP_rates first-fire: median ticker return RELATIVE to SPY (%), hit = share of fires beating SPY. n fires with data ===
          XME     IEF     KBE     KRE     HYG     XHB     TLT     KIE   XLRE     XSW     BNO     RWR     XRT     XLK    XLC     XLP     XLF     XLV    SPY     XLE     XAR     XHS     XLY     KCE     GLD     QQQ     XTL     XPH     XES     XLI     XLB     XLU     IWM     XOP     XHE     XSD     XTN     XBI
rel10   -0.56   -0.51   -0.31   -0.30   -0.26   -0.19   -0.18   -0.14  -0.13   -0.12   -0.11   -0.11   -0.06   -0.04  -0.03   -0.03   -0.01   -0.00    0.0    0.01    0.02    0.02    0.02    0.04    0.05    0.06    0.06    0.08    0.12    0.15    0.15    0.18    0.19    0.26    0.37    0.37    0.41    0.84
hit10    0.32    0.35    0.33    0.31    0.30    0.34    0.39    0.33   0.14    0.22    0.26    0.41    0.34    0.45   0.10    0.45    0.46    0.45    0.0    0.46    0.23    0.23    0.46    0.36    0.37    0.47    0.26    0.36    0.35    0.49    0.48    0.47    0.47    0.36    0.26    0.39    0.27    0.41
rel21   -0.30   -0.56   -0.51   -0.70   -0.38   -0.30   -0.60   -0.23  -0.10    0.14    0.09    0.14    0.06    0.30  -0.25    0.19   -0.19    0.01    0.0   -0.34    0.36    0.29    0.05   -0.56    0.55    0.57   -0.03    0.10   -0.40    0.06    0.00   -0.07   -0.01   -0.11    0.27    0.57    0.07    0.94
hit21    0.34    0.34    0.32    0.30    0.28    0.32    0.36    0.33   0.15    0.25    0.27    0.43    0.36    0.50   0.09    0.47    0.43    0.46    0.0    0.44    0.25    0.24    0.48    0.33    0.40    0.51    0.24    0.35    0.33    0.46    0.46    0.45    0.43    0.34    0.27    0.39    0.26    0.39
n      201.00  234.00  204.00  201.00  195.00  202.00  234.00  204.00  89.00  133.00  153.00  241.00  201.00  264.00  61.00  264.00  264.00  264.00  289.0  264.00  133.00  133.00  264.00  204.00  215.00  260.00  142.00  201.00  201.00  264.00  264.00  264.00  251.00  201.00  142.00  202.00  142.00  202.00

=== after ONSET_impulse first-fire: median ticker return RELATIVE to SPY (%), hit = share of fires beating SPY. n fires with data ===
         BNO    XLF    XHE    KCE    XLB    XHB    KBE    KIE    XBI    XOP    XPH    XSD    KRE   XLRE    XTN    XTL    XLE    RWR    GLD    HYG    XLI    XRT   SPY    XSW    XME    IWM    XAR    TLT    XLY    XLV    XLK    XES    QQQ    XLC    XLP    XHS    IEF    XLU
rel10  -1.30  -0.86  -0.86  -0.63  -0.55  -0.50  -0.47  -0.42  -0.31  -0.30  -0.26  -0.26  -0.22  -0.21  -0.15  -0.15  -0.14  -0.10  -0.08  -0.07  -0.03  -0.01   0.0   0.00   0.11   0.14   0.15   0.19   0.21   0.23   0.26   0.37   0.38   0.40   0.45   0.47   0.51   1.21
hit10   0.18   0.26   0.10   0.21   0.31   0.27   0.26   0.27   0.26   0.27   0.27   0.26   0.26   0.11   0.15   0.18   0.34   0.32   0.32   0.24   0.37   0.29   0.0   0.18   0.29   0.39   0.21   0.37   0.40   0.40   0.42   0.31   0.44   0.13   0.47   0.19   0.37   0.52
rel21  -1.55  -0.96  -2.15   0.12   0.41   0.95  -0.70   0.35   0.40  -0.11   0.02  -1.79  -1.31  -2.51   0.53  -1.04  -0.72  -0.88  -0.52  -0.62   0.56   0.48   0.0   0.30   1.06  -0.20   0.25  -1.52   0.32   0.23   0.20  -0.89  -0.15   0.19  -0.41  -1.65  -1.12   0.23
hit21   0.18   0.29   0.08   0.32   0.42   0.34   0.19   0.32   0.32   0.27   0.29   0.23   0.23   0.05   0.24   0.16   0.29   0.29   0.32   0.19   0.44   0.34   0.0   0.19   0.34   0.31   0.18   0.21   0.39   0.40   0.44   0.26   0.37   0.13   0.34   0.08   0.29   0.39
n      24.00  47.00  23.00  37.00  47.00  36.00  37.00  37.00  36.00  36.00  36.00  36.00  36.00  14.00  23.00  23.00  47.00  43.00  40.00  33.00  47.00  36.00  62.0  21.00  36.00  45.00  21.00  43.00  47.00  47.00  47.00  36.00  47.00  13.00  47.00  21.00  43.00  47.00

=== after ONSET_vvixlag first-fire: median ticker return RELATIVE to SPY (%), hit = share of fires beating SPY. n fires with data ===
          TLT     BNO     XES     HYG     IEF     KCE     XHE     XLP     XOP   XLRE     KIE     XLE     GLD     KBE    XLC     XME     RWR     KRE     XLF     XTN     XRT     IWM     XLB     QQQ     XTL     XLI     XLK     XLU    SPY     XSW     XHS     XLV     XBI     XLY     XPH     XHB     XAR     XSD
rel10   -1.21   -1.18   -0.85   -0.83   -0.78   -0.68   -0.50   -0.43   -0.43  -0.41   -0.38   -0.38   -0.35   -0.33  -0.33   -0.31   -0.26   -0.24   -0.19   -0.16   -0.14   -0.05   -0.05   -0.04   -0.02   -0.02   -0.01   -0.01    0.0    0.04    0.05    0.06    0.24    0.28    0.36    0.39    0.46    0.51
hit10    0.38    0.36    0.46    0.38    0.41    0.39    0.35    0.47    0.48   0.22    0.44    0.44    0.48    0.41   0.19    0.49    0.46    0.45    0.47    0.38    0.48    0.48    0.49    0.48    0.41    0.49    0.49    0.49    0.0    0.39    0.39    0.51    0.52    0.58    0.55    0.55    0.44    0.57
rel21   -1.38   -1.93   -1.26   -0.90   -1.20   -0.41   -0.24   -0.33   -0.59  -1.00   -0.10   -0.37   -0.37   -0.39  -0.68   -0.74   -0.62   -0.10   -0.18    0.06   -0.03   -0.27    0.00    0.08   -0.49    0.08   -0.07    0.11    0.0   -0.07   -0.12    0.18    0.65    0.35    0.03   -0.10    0.48    0.10
hit21    0.39    0.36    0.43    0.40    0.39    0.46    0.38    0.46    0.48   0.21    0.48    0.47    0.49    0.47   0.16    0.47    0.45    0.49    0.47    0.42    0.48    0.44    0.50    0.52    0.38    0.51    0.49    0.51    0.0    0.38    0.36    0.51    0.55    0.55    0.50    0.49    0.43    0.51
n      182.00  153.00  182.00  182.00  182.00  182.00  150.00  182.00  182.00  97.00  182.00  182.00  182.00  182.00  73.00  182.00  182.00  182.00  182.00  150.00  182.00  182.00  182.00  182.00  150.00  182.00  182.00  182.00  182.0  140.00  140.00  182.00  182.00  182.00  182.00  182.00  140.00  182.00

=== after CONT_2ndleg first-fire: median ticker return RELATIVE to SPY (%), hit = share of fires beating SPY. n fires with data ===
         XES    BNO   XLRE    XTN    XHE    XLU    RWR    XLC    KIE    XLF    TLT    HYG    XLP    XLV    XHS    XLB    KRE    XLE    XPH    KBE    XLI   SPY    IWM    XSW    IEF    KCE    XLY    XHB    XLK    XRT    XBI    GLD    XOP    XAR    QQQ    XTL    XME    XSD
rel10  -1.86  -1.71  -1.58  -0.93  -0.89  -0.71  -0.70  -0.60  -0.57  -0.45  -0.43  -0.34  -0.22  -0.20  -0.18  -0.18  -0.15  -0.13  -0.11  -0.07  -0.06   0.0   0.03   0.03   0.05   0.09   0.10   0.17   0.19   0.29   0.34   0.37   0.49   0.59   0.73   0.85   0.87   0.93
hit10   0.41   0.20   0.16   0.20   0.20   0.39   0.41   0.09   0.42   0.41   0.47   0.50   0.45   0.44   0.20   0.45   0.47   0.48   0.47   0.48   0.48   0.0   0.52   0.23   0.50   0.50   0.53   0.52   0.58   0.56   0.55   0.52   0.53   0.27   0.62   0.31   0.53   0.62
rel21  -0.62   1.28  -2.03  -1.00  -0.54  -0.87  -0.48  -0.82  -0.27  -0.48  -1.54  -1.40  -0.76   0.02   1.33  -0.38  -0.06   0.59   0.44  -0.03  -0.00   0.0   0.14   0.36  -1.67  -0.86   0.39   0.88   0.40   0.74   1.20  -1.47   0.51   0.75   0.80   0.11   1.47   0.21
hit21   0.48   0.28   0.12   0.19   0.23   0.42   0.44   0.11   0.45   0.45   0.45   0.38   0.44   0.50   0.31   0.47   0.50   0.53   0.52   0.50   0.50   0.0   0.53   0.27   0.44   0.42   0.56   0.56   0.58   0.58   0.59   0.39   0.58   0.25   0.62   0.28   0.58   0.53
n      64.00  35.00  25.00  35.00  35.00  64.00  64.00  21.00  64.00  64.00  64.00  64.00  64.00  64.00  30.00  64.00  64.00  64.00  64.00  64.00  64.00  64.0  64.00  30.00  64.00  64.00  64.00  64.00  64.00  64.00  64.00  64.00  64.00  30.00  64.00  35.00  64.00  64.00

=== after CAP_alldims first-fire: median ticker return RELATIVE to SPY (%), hit = share of fires beating SPY. n fires with data ===
         XES    TLT    IEF    XOP    XME    GLD   XLRE    BNO    XLC    XTN    KBE    XTL    KRE    HYG    XHE    RWR    XLB    XLE    XLU    KIE    XPH    XHS    XLF    XLI    KCE    XLV    IWM    XHB    XSW    XLP   SPY    XBI    XRT    XSD    XLY    XAR    XLK    QQQ
rel10  -2.35  -2.32  -2.27  -1.83  -1.75  -1.27  -1.18  -1.16  -1.12  -0.92  -0.86  -0.74  -0.74  -0.61  -0.57  -0.51  -0.50  -0.49  -0.48  -0.43  -0.37  -0.35  -0.33  -0.33  -0.30  -0.25  -0.19  -0.13  -0.05  -0.03   0.0   0.04   0.06   0.09   0.20   0.25   0.29   0.44
hit10   0.42   0.37   0.38   0.38   0.38   0.31   0.29   0.35   0.10   0.33   0.35   0.33   0.42   0.38   0.37   0.42   0.40   0.35   0.46   0.35   0.40   0.29   0.42   0.40   0.37   0.38   0.42   0.48   0.37   0.50   0.0   0.50   0.52   0.52   0.58   0.46   0.56   0.62
rel21  -2.48  -3.41  -2.58  -0.68  -3.16  -1.56   0.05  -1.39  -1.20  -0.71  -2.24  -1.21  -2.54  -1.50   0.81   0.57  -0.01  -1.66  -0.67  -0.84  -0.57  -0.24  -1.04  -0.07  -1.07   0.17  -0.41  -0.09   0.22   0.01   0.0   0.90  -1.00  -0.64   0.95   0.18   0.28   0.28
hit21   0.40   0.35   0.29   0.42   0.40   0.40   0.31   0.40   0.12   0.37   0.37   0.31   0.37   0.37   0.54   0.54   0.50   0.40   0.44   0.40   0.42   0.33   0.31   0.48   0.40   0.52   0.38   0.48   0.42   0.50   0.0   0.62   0.40   0.42   0.62   0.40   0.58   0.56
n      52.00  52.00  52.00  52.00  52.00  52.00  31.00  47.00  21.00  47.00  52.00  47.00  52.00  52.00  47.00  52.00  52.00  52.00  52.00  52.00  52.00  41.00  52.00  52.00  52.00  52.00  52.00  52.00  41.00  52.00  52.0  52.00  52.00  52.00  52.00  41.00  52.00  52.00

=== after CAP_vix_gvz first-fire: median ticker return RELATIVE to SPY (%), hit = share of fires beating SPY. n fires with data ===
          XES     BNO     TLT     XOP     IEF     GLD     XTN     XTL     XLE     HYG   XLRE     KBE     KRE    XLC     XME     RWR     XLP     XBI     XLB     KIE     KCE     XLI     XLU     XHE    XHS     IWM     XLF     XPH     XHB     XLV    SPY     XRT     XLY     XSD    XAR    XSW     XLK     QQQ
rel10   -2.10   -1.20   -1.15   -1.11   -0.95   -0.91   -0.88   -0.80   -0.75   -0.65  -0.62   -0.55   -0.48  -0.43   -0.41   -0.41   -0.36   -0.36   -0.36   -0.31   -0.27   -0.22   -0.21   -0.16  -0.15   -0.15   -0.07   -0.06   -0.06   -0.04    0.0    0.12    0.14    0.16   0.29   0.31    0.39    0.41
hit10    0.33    0.33    0.38    0.41    0.37    0.41    0.34    0.37    0.38    0.38   0.24    0.38    0.44   0.18    0.45    0.42    0.44    0.46    0.42    0.43    0.39    0.44    0.49    0.40   0.37    0.47    0.49    0.50    0.50    0.49    0.0    0.54    0.56    0.52   0.48   0.45    0.60    0.62
rel21   -2.65   -2.54   -2.02   -0.74   -2.11   -1.36   -0.86   -1.38   -1.44   -1.30  -0.98   -1.33   -1.43  -0.63   -0.91    0.01   -0.45    0.50   -0.47   -0.52   -0.23   -0.12    0.36    0.11  -0.22   -0.18   -0.31   -0.11    0.04    0.28    0.0   -0.23    0.48   -0.49   0.93   0.38    0.33    0.42
hit21    0.40    0.31    0.34    0.44    0.31    0.42    0.33    0.32    0.36    0.37   0.26    0.43    0.44   0.15    0.45    0.50    0.46    0.58    0.44    0.43    0.45    0.49    0.51    0.48   0.38    0.46    0.43    0.48    0.50    0.54    0.0    0.48    0.64    0.44   0.47   0.45    0.57    0.60
n      117.00  106.00  117.00  117.00  117.00  117.00  105.00  105.00  117.00  117.00  68.00  117.00  117.00  47.00  117.00  117.00  117.00  117.00  117.00  117.00  117.00  117.00  117.00  105.00  94.00  117.00  117.00  117.00  117.00  117.00  117.0  117.00  117.00  117.00  94.00  94.00  117.00  117.00

=== after ONCONF_collapse first-fire: median ticker return RELATIVE to SPY (%), hit = share of fires beating SPY. n fires with data ===
          XES     TLT     BNO     KBE     XLE     GLD     IEF     KRE     XBI     HYG     XHB     XLF     XOP     XLB     XME    XLRE     IWM    XLC     XTL     XLI     RWR     KIE    SPY     KCE     XLP     XLU     XHE     XAR     XLY     XLV     XTN     XLK     XPH     XSD     QQQ     XSW     XHS     XRT
rel10   -0.79   -0.70   -0.67   -0.59   -0.57   -0.56   -0.50   -0.43   -0.36   -0.35   -0.34   -0.33   -0.25   -0.25   -0.21   -0.15   -0.12  -0.12   -0.12   -0.06   -0.05   -0.05    0.0    0.01    0.04    0.07    0.08    0.17    0.18    0.22    0.26    0.31    0.32    0.35    0.35    0.43    0.44    0.45
hit10    0.46    0.42    0.40    0.40    0.44    0.46    0.41    0.43    0.48    0.43    0.48    0.40    0.48    0.43    0.49    0.27    0.46   0.19    0.40    0.48    0.49    0.49    0.0    0.50    0.52    0.52    0.42    0.41    0.55    0.54    0.44    0.58    0.54    0.55    0.60    0.45    0.44    0.57
rel21   -1.04   -1.29    0.04   -0.42   -1.08   -1.49   -1.27   -0.17    0.10   -0.86   -0.12   -0.47   -0.56   -0.39   -1.42   -0.35   -0.39  -0.10   -0.61   -0.18   -0.37   -0.08    0.0   -0.30   -0.43   -0.63   -0.44    0.49    0.37    0.13   -0.09    0.49   -0.06    0.52    0.59    0.12    0.04   -0.18
hit21    0.44    0.40    0.44    0.45    0.40    0.40    0.36    0.48    0.52    0.35    0.47    0.43    0.48    0.43    0.41    0.24    0.46   0.19    0.36    0.46    0.44    0.48    0.0    0.47    0.46    0.46    0.38    0.45    0.56    0.52    0.41    0.59    0.48    0.57    0.63    0.42    0.40    0.50
n      225.00  225.00  195.00  225.00  225.00  225.00  225.00  225.00  225.00  225.00  225.00  225.00  225.00  225.00  225.00  122.00  225.00  88.00  188.00  225.00  225.00  225.00  225.0  225.00  225.00  225.00  188.00  178.00  225.00  225.00  188.00  225.00  225.00  225.00  225.00  178.00  178.00  225.00

=== after FAIL_yieldsup first-fire: median ticker return RELATIVE to SPY (%), hit = share of fires beating SPY. n fires with data ===
         XHB    XPH    KBE    KRE    XLC    XAR    XLF    XTN    KCE    QQQ    XLV    XLI    IWM    XSD    XLY    XLK    KIE   SPY    XTL    XRT    XBI    XHE    XLB    XME    GLD    XSW    RWR    HYG    IEF    XLP    TLT    XHS   XLRE    XLU    XLE    XOP    BNO    XES
rel10  -2.33  -1.45  -1.34  -1.10  -0.96  -0.86  -0.81  -0.74  -0.66  -0.44  -0.36  -0.35  -0.22  -0.22  -0.11  -0.07  -0.05   0.0   0.07   0.13   0.46   0.65   0.66   0.66   0.80   0.84   0.97   0.98   1.03   1.23   1.33   1.67   1.74   1.92   2.07   2.21   2.34   2.41
hit10   0.18   0.25   0.23   0.23   0.04   0.14   0.34   0.11   0.20   0.32   0.39   0.34   0.36   0.29   0.43   0.43   0.30   0.0   0.18   0.30   0.32   0.21   0.55   0.32   0.30   0.20   0.43   0.43   0.43   0.55   0.43   0.23   0.16   0.54   0.57   0.39   0.21   0.38
rel21  -3.22  -1.12  -2.64  -1.20  -1.13   0.46  -1.54  -0.89  -0.53  -0.27  -0.02  -0.37  -0.23   2.34  -0.16   0.32  -1.08   0.0  -0.95   0.56  -0.52   0.77  -0.13   1.14   0.97   0.54   0.92   1.41   1.93   1.68   3.11   1.53   2.29   2.64   2.67   2.11   1.37   3.99
hit21   0.14   0.27   0.16   0.23   0.05   0.16   0.30   0.14   0.23   0.41   0.45   0.36   0.41   0.38   0.43   0.45   0.21   0.0   0.12   0.34   0.29   0.20   0.43   0.32   0.32   0.20   0.43   0.34   0.41   0.59   0.43   0.23   0.18   0.64   0.59   0.36   0.23   0.34
n      34.00  33.00  34.00  33.00  10.00  18.00  50.00  19.00  34.00  50.00  50.00  50.00  48.00  34.00  50.00  50.00  34.00  56.0  19.00  33.00  34.00  19.00  50.00  33.00  34.00  18.00  40.00  32.00  40.00  50.00  40.00  18.00  15.00  50.00  50.00  33.00  22.00  33.00

=== after DIM_rateled first-fire: median ticker return RELATIVE to SPY (%), hit = share of fires beating SPY. n fires with data ===
         TLT    XHB    XLP    IEF    BNO    HYG    XHE    XES    GLD   XLRE    XBI    XLE    RWR    XHS    XLC    XRT    XPH    XLF    XLB   SPY    XLU    QQQ    XLV    XLY    XLK    KCE    XOP    KIE    IWM    XLI    XAR    XTN    KBE    XSD    XTL    XSW    XME    KRE
rel10  -1.18  -1.08  -0.92  -0.82  -0.80  -0.80  -0.78  -0.56  -0.42  -0.34  -0.29  -0.26  -0.26  -0.24  -0.23  -0.22  -0.05  -0.04  -0.01   0.0   0.01   0.03   0.06   0.09   0.18   0.22   0.24   0.37   0.39   0.41   0.47   0.61   0.64   0.68   0.86   0.97   1.38   1.51
hit10   0.34   0.39   0.30   0.36   0.32   0.36   0.23   0.43   0.43   0.25   0.45   0.41   0.43   0.32   0.20   0.43   0.43   0.48   0.50   0.0   0.50   0.55   0.52   0.52   0.52   0.55   0.48   0.48   0.59   0.64   0.50   0.41   0.55   0.55   0.50   0.43   0.55   0.59
rel21  -1.87  -1.41  -1.41  -2.02  -0.56  -1.20  -1.19  -0.11  -0.00  -1.25  -0.74   1.51  -1.14   0.02  -0.11  -0.10   0.09  -0.17  -0.59   0.0  -0.27   0.73  -0.69   0.22  -0.02   0.17   0.52  -0.12   0.52  -0.31   0.25   1.34   0.63   0.71   0.72   0.02   1.50   1.34
hit21   0.30   0.39   0.32   0.34   0.30   0.39   0.27   0.43   0.48   0.27   0.45   0.55   0.27   0.36   0.25   0.41   0.48   0.48   0.43   0.0   0.45   0.64   0.32   0.57   0.50   0.50   0.48   0.45   0.57   0.48   0.43   0.43   0.55   0.50   0.48   0.36   0.61   0.57
n      44.00  41.00  44.00  44.00  33.00  40.00  32.00  40.00  43.00  31.00  41.00  44.00  44.00  32.00  22.00  40.00  40.00  44.00  44.00  44.0  44.00  44.00  44.00  44.00  44.00  41.00  40.00  41.00  44.00  44.00  32.00  32.00  41.00  41.00  32.00  32.00  40.00  40.00

=== after DIM_ftq first-fire: median ticker return RELATIVE to SPY (%), hit = share of fires beating SPY. n fires with data ===
          XES     IEF     BNO     TLT     XME     XOP     HYG     GLD     KBE     XLE   XLRE     KIE     XSD     XPH    XTL    XTN     KRE     KCE     XRT     RWR     IWM     XLF    XAR     XLI    XHS    XHE     XLB     QQQ    XSW     XBI    SPY     XLP     XLY     XLV     XLK    XLC     XLU     XHB
rel10   -1.48   -1.16   -1.16   -1.09   -0.90   -0.86   -0.85   -0.72   -0.57   -0.56  -0.55   -0.51   -0.48   -0.44  -0.42  -0.37   -0.31   -0.30   -0.19   -0.18   -0.16   -0.11  -0.11   -0.11  -0.09  -0.06   -0.06   -0.05  -0.01   -0.00    0.0    0.01    0.11    0.12    0.15   0.16    0.22    0.31
hit10    0.29    0.33    0.22    0.32    0.32    0.30    0.28    0.33    0.26    0.37   0.13    0.26    0.34    0.32   0.24   0.24    0.32    0.26    0.34    0.38    0.40    0.43   0.24    0.42   0.22   0.26    0.44    0.43   0.24    0.36    0.0    0.46    0.50    0.51    0.48   0.11    0.48    0.39
rel21   -2.28   -2.19   -2.42   -1.93   -1.13   -0.90   -1.28   -1.22   -1.31   -0.89  -0.66   -0.32   -0.57   -0.42  -0.28   0.31   -1.16   -1.22   -0.40    0.04   -0.32   -0.53   0.11   -0.12  -0.19   0.10    0.14   -0.10   0.23    0.49    0.0   -0.27    0.34    0.54   -0.11  -0.16   -0.04    0.32
hit21    0.27    0.29    0.25    0.31    0.33    0.32    0.26    0.31    0.31    0.36   0.13    0.33    0.33    0.33   0.24   0.28    0.31    0.31    0.32    0.43    0.39    0.37   0.26    0.42   0.22   0.29    0.49    0.44   0.25    0.40    0.0    0.43    0.51    0.54    0.43   0.10    0.44    0.40
n      128.00  146.00  101.00  146.00  128.00  128.00  125.00  134.00  130.00  162.00  55.00  130.00  130.00  128.00  97.00  97.00  128.00  130.00  128.00  151.00  158.00  162.00  86.00  162.00  86.00  97.00  162.00  160.00  86.00  130.00  178.0  162.00  162.00  162.00  162.00  39.00  162.00  130.00

=== after DIM_oil first-fire: median ticker return RELATIVE to SPY (%), hit = share of fires beating SPY. n fires with data ===
         XES    TLT    IEF    XLE    BNO   XLRE    HYG    XOP    XAR    XLC    XHS    XHE    KBE    KRE    KIE    GLD    XME    RWR    XLB    KCE    XLI    XTN    XTL    XLP    XLV    IWM   SPY    XLU    XLF    QQQ    XRT    XPH    XLK    XLY    XSW    XSD    XHB    XBI
rel10  -2.34  -1.57  -1.47  -1.06  -1.06  -1.02  -1.00  -0.92  -0.73  -0.70  -0.67  -0.66  -0.61  -0.60  -0.51  -0.44  -0.41  -0.41  -0.29  -0.27  -0.26  -0.24  -0.21  -0.14  -0.04  -0.03   0.0   0.01   0.02   0.03   0.10   0.13   0.18   0.19   0.35   0.39   0.40   0.72
hit10   0.33   0.36   0.35   0.38   0.33   0.19   0.36   0.43   0.33   0.17   0.22   0.35   0.35   0.44   0.36   0.46   0.48   0.41   0.41   0.42   0.36   0.37   0.36   0.49   0.49   0.48   0.0   0.51   0.51   0.51   0.53   0.51   0.52   0.57   0.43   0.54   0.54   0.52
rel21  -2.48  -2.26  -2.11  -1.43  -3.24  -2.41  -1.65  -1.39   0.24   0.51  -0.93  -0.51  -0.99  -0.92  -0.52  -1.06  -0.86  -0.40  -0.52  -1.02  -0.79  -0.54  -0.07  -0.31   0.17  -0.41   0.0   0.62  -0.38   0.52  -0.23  -0.35   0.16   0.74   0.34   0.58  -1.00   0.74
hit21   0.40   0.38   0.31   0.40   0.31   0.20   0.32   0.43   0.40   0.21   0.31   0.37   0.46   0.46   0.43   0.44   0.44   0.46   0.41   0.43   0.38   0.36   0.38   0.48   0.51   0.42   0.0   0.53   0.46   0.60   0.48   0.46   0.53   0.59   0.41   0.53   0.46   0.63
n      81.00  81.00  81.00  81.00  67.00  43.00  81.00  81.00  61.00  31.00  61.00  65.00  81.00  81.00  81.00  81.00  81.00  81.00  81.00  81.00  81.00  65.00  65.00  81.00  81.00  81.00  81.0  81.00  81.00  81.00  81.00  81.00  81.00  81.00  61.00  81.00  81.00  81.00

=== after DIM_equityonly first-fire: median ticker return RELATIVE to SPY (%), hit = share of fires beating SPY. n fires with data ===
         BNO    XLC    XME    XOP    GLD    XTL    XLB    KCE    XTN    XHS    XHB    XLI    XRT    IWM    QQQ    RWR    IEF    KRE    XLY    KBE    XLE    XLK    XLP   SPY    TLT    KIE    XES    HYG    XLF    XLV    XHE    XSD    XAR   XLRE    XBI    XLU    XSW    XPH
rel10  -3.79  -2.01  -1.99  -1.89  -1.83  -1.32  -1.17  -0.72  -0.69  -0.65  -0.59  -0.55  -0.50  -0.39  -0.38  -0.35  -0.35  -0.28  -0.26  -0.20  -0.16  -0.14  -0.00   0.0   0.00   0.05   0.08   0.08   0.38   0.40   0.86   0.97   1.05   1.24   1.47   1.51   1.54   1.59
hit10   0.28   0.06   0.44   0.39   0.28   0.33   0.28   0.39   0.28   0.39   0.44   0.22   0.39   0.44   0.33   0.44   0.39   0.44   0.44   0.44   0.50   0.39   0.50   0.0   0.50   0.50   0.50   0.50   0.61   0.67   0.56   0.61   0.50   0.39   0.61   0.67   0.61   0.72
rel21  -3.11  -2.44   0.15  -1.32  -0.00  -1.24  -1.36   1.10  -3.43  -0.91  -1.31  -0.20  -0.28   0.47  -0.93   0.24  -0.89   0.03  -0.03   0.42   0.14  -0.29  -0.05   0.0  -2.57   1.24  -0.09  -0.57   0.13   0.63  -0.97  -0.89   2.17  -0.60   0.71   1.76   1.19   0.75
hit21   0.28   0.06   0.50   0.44   0.50   0.39   0.28   0.67   0.28   0.39   0.44   0.44   0.44   0.50   0.28   0.56   0.39   0.50   0.50   0.56   0.50   0.50   0.50   0.0   0.33   0.67   0.50   0.44   0.50   0.56   0.39   0.39   0.50   0.33   0.56   0.67   0.56   0.50
n      16.00  10.00  18.00  18.00  18.00  15.00  18.00  18.00  15.00  15.00  18.00  18.00  18.00  18.00  18.00  18.00  18.00  18.00  18.00  18.00  18.00  18.00  18.00  18.0  18.00  18.00  18.00  18.00  18.00  18.00  15.00  18.00  15.00  13.00  18.00  18.00  15.00  18.00
