
=== RV10/RV21 z (realized term structure) around 36 RISK-OFF PEAKS. + = short-term realized expanding vs 1m ===
             -10   -9    -8    -7    -6    -5    -4    -3    -2    -1     0     1     2     3     4     5     6     7     8     9     10
BNO (n=14) -0.29 -0.24  0.11  0.16  0.09 -0.06  0.05  0.04  0.06  0.02  0.29  0.02  0.07  0.25  0.12  0.22  0.25  0.41  0.33  0.41  0.47
GLD (n=22)  0.05 -0.43 -0.30 -0.14 -0.37 -0.25 -0.04 -0.13 -0.00  0.16  0.28  0.55  0.66  0.60  0.58  0.41  0.36  0.10  0.08  0.22 -0.01
HYG (n=18)  0.19 -0.15  0.04 -0.03  0.01  0.08  0.11 -0.02  0.09 -0.02 -0.31  0.01  0.21  0.19  0.40  0.39  0.20  0.36  0.59  0.67  0.66
IEF (n=23) -0.08  0.01  0.43  0.28  0.23  0.21  0.20  0.21  0.15  0.23 -0.27  0.01  0.01 -0.16 -0.16 -0.28  0.16  0.34  0.33  0.05 -0.19
IWM (n=26) -0.15 -0.05 -0.18 -0.06 -0.08 -0.44 -0.26 -0.31 -0.24 -0.05 -0.07  0.07  0.18  0.21  0.13 -0.20  0.20  0.36  0.48  0.74  0.20
KBE (n=21)  0.21 -0.19  0.26  0.66  0.20  0.23  0.18  0.15  0.39  0.18 -0.09 -0.10 -0.06  0.18  0.20  0.09  0.16  0.35  0.34  0.26  0.05
KCE (n=21) -0.39 -0.40 -0.18 -0.01 -0.02 -0.06  0.04 -0.07  0.05  0.25  0.07  0.14  0.22  0.55  0.27  0.04  0.11  0.18  0.63  0.53  0.32
KIE (n=21) -0.06  0.06  0.21  0.02  0.42  0.02  0.05 -0.03  0.06  0.04  0.06  0.38 -0.13 -0.09  0.35  0.29  0.23  0.25  0.22  0.36  0.29
KRE (n=20)  0.45  0.12  0.28  0.51  0.30  0.29  0.10  0.10  0.18  0.04 -0.17 -0.06 -0.24 -0.10 -0.00  0.03  0.10  0.14  0.24  0.26  0.06
QQQ (n=28)  0.10 -0.19 -0.09 -0.17 -0.17 -0.19 -0.16 -0.00 -0.20 -0.09  0.07  0.19  0.36  0.62  0.67  0.29  0.44  0.47  0.64  0.74  0.47
RWR (n=24) -0.05  0.11  0.08  0.07  0.20 -0.06 -0.13 -0.44 -0.20 -0.11 -0.10 -0.17 -0.07  0.22  0.28  0.24  0.43  0.53  0.55  0.48  0.34
SPY (n=35)  0.02 -0.10  0.07  0.09  0.11 -0.16 -0.13 -0.14 -0.13 -0.07 -0.10  0.04  0.21  0.26  0.42  0.13  0.15  0.44  0.58  0.49  0.43
TLT (n=23)  0.06  0.10  0.42  0.26  0.12  0.25  0.16  0.15  0.18  0.06 -0.03  0.14  0.08  0.05  0.13 -0.17  0.07  0.20  0.21  0.12 -0.12
XAR (n=11) -0.00  0.07 -0.16 -0.57 -0.82 -0.70 -0.56 -0.47 -0.16 -0.29 -0.16  0.71  0.49  0.37  0.28  0.49  0.34  1.06  0.59  0.65  0.64
XBI (n=21) -0.20  0.05 -0.01 -0.23 -0.39 -0.02  0.05 -0.12  0.24 -0.09  0.03  0.07  0.27  0.25  0.36  0.44  0.40  0.33  0.29  0.29  0.23
XES (n=20) -0.23 -0.09  0.35  0.62  0.71  0.43  0.57  0.46  0.18  0.51  0.11  0.40  0.35  0.44  0.29  0.45  0.27  0.18  0.57  0.44  0.51
XHB (n=21)  0.11  0.12  0.11  0.22  0.10  0.14  0.10  0.31  0.21  0.03  0.04  0.28  0.40  0.38  0.17  0.05  0.04  0.16  0.14  0.43  0.41
XHE (n=13) -0.35 -0.45 -0.15 -0.10 -0.18  0.07  0.17  0.12  0.03  0.10  0.21  0.79  0.01  0.34  0.56  0.41  0.18  0.31  0.30  0.46  0.15
XHS (n=11) -0.27 -0.42 -0.40  0.13 -0.25 -0.18 -0.18 -0.09  0.15  0.14  0.27  0.53  0.55  0.38  0.52  0.70  0.49  0.94  0.41  0.56  0.27
XLB (n=29)  0.03  0.08  0.04  0.54  0.61  0.14  0.24  0.49  0.33  0.31  0.15  0.37  0.31  0.38  0.25  0.16  0.17  0.44  0.52  0.40  0.19
XLE (n=29) -0.03  0.48  0.63  0.66  0.71  0.76  0.58  0.41  0.18  0.25  0.25  0.19  0.25  0.13 -0.07 -0.07  0.02  0.08  0.30  0.58  0.45
XLF (n=29) -0.27 -0.28 -0.08  0.35  0.21  0.25  0.03  0.20  0.21  0.29  0.10  0.08  0.17  0.32  0.20 -0.08  0.30  0.29  0.15  0.12  0.10
XLI (n=29) -0.11 -0.12  0.14  0.16  0.27  0.11 -0.04 -0.22  0.02  0.04  0.24  0.27  0.19  0.13  0.18 -0.24 -0.05  0.13  0.01  0.19  0.14
XLK (n=29)  0.05 -0.16  0.04 -0.04  0.03  0.17  0.12  0.29  0.04  0.24  0.29  0.36  0.40  0.57  0.65  0.49  0.60  0.55  0.62  0.64  0.64
XLP (n=29)  0.02  0.25  0.16  0.09  0.22  0.07  0.19  0.21  0.13  0.10  0.25  0.24  0.24  0.24  0.34  0.25  0.41  0.12  0.38  0.71  0.39
XLRE (n=9)  0.48  0.43  0.30  0.17 -0.13 -0.15 -0.04 -0.15 -0.14  0.08 -0.13  0.10  0.02  0.48  0.42  0.37  0.61  0.47  0.65  0.51  0.36
XLU (n=29)  0.01  0.20 -0.10 -0.17  0.10  0.04  0.16 -0.18 -0.33 -0.19  0.25 -0.15  0.02  0.32  0.49  0.22  0.40  0.46  0.55  0.29  0.27
XLV (n=29) -0.04  0.06  0.11 -0.13  0.04  0.02  0.14  0.07  0.17  0.09  0.33  0.53  0.35  0.54  0.47  0.47  0.59  0.59  0.49  0.16  0.32
XLY (n=29)  0.08  0.02  0.16  0.46  0.42  0.32  0.43  0.51  0.43  0.36  0.28 -0.01  0.08  0.20 -0.06 -0.06  0.17  0.20 -0.06  0.20 -0.13
XME (n=20)  0.02  0.09 -0.11 -0.02  0.00 -0.07 -0.45 -0.23 -0.20  0.08  0.07  0.42  0.38  0.32  0.18  0.10  0.45  0.58  0.59  0.82  0.51
XOP (n=20) -0.03  0.22  0.28  0.40  0.45  0.19  0.31  0.40  0.21  0.31  0.35  0.32  0.36  0.21  0.29  0.15  0.10  0.20  0.42  0.40  0.27
XPH (n=20)  0.08  0.21  0.30  0.16  0.16  0.14  0.26  0.02  0.29  0.19  0.37  0.47  0.21  0.35  0.48  0.65  0.60  0.57  0.28  0.27  0.30
XRT (n=20) -0.07  0.15  0.15  0.10  0.24  0.00  0.04  0.08  0.10  0.20  0.18  0.16 -0.17  0.04  0.05 -0.22  0.24  0.46  0.36  0.39  0.09
XSD (n=21)  0.16  0.01 -0.30 -0.27 -0.10  0.08  0.22  0.21  0.24  0.39  0.30  0.35  0.40  0.56  0.47  0.46  0.44  0.55  0.58  0.61  0.59
XSW (n=11) -0.20 -0.63 -0.50 -0.81 -0.60 -0.21 -0.19 -0.06 -0.06  0.58  0.20  0.23  0.55  0.26  0.22  0.51  0.91  0.81  1.02  1.02  0.61
XTL (n=13)  0.06 -0.27 -0.48 -0.60 -0.37 -0.14 -0.21 -0.40 -0.03 -0.04 -0.24  0.29  0.19  0.46  0.60  0.58  0.80  0.97  0.95  0.81  0.75
XTN (n=13)  0.02 -0.07  0.29 -0.14 -0.18 -0.02  0.17  0.31  0.26  0.30  0.43  0.57  0.29  0.32  0.33  0.19  0.35  0.58  0.52  0.62  0.57

--- sorted by day -3 value (whose realized is already expanding before the top) ---
XLY (n=29)    0.51
XLB (n=29)    0.49
XES (n=20)    0.46
XLE (n=29)    0.41
XOP (n=20)    0.40
XTN (n=13)    0.31
XHB (n=21)    0.31
XLK (n=29)    0.29
XLP (n=29)    0.21
XSD (n=21)    0.21
IEF (n=23)    0.21
XLF (n=29)    0.20
TLT (n=23)    0.15
KBE (n=21)    0.15
XHE (n=13)    0.12

=== RV10/RV21 z around 40 RISK-ON TROUGHS ===
              -10   -9    -8    -7    -6    -5    -4    -3    -2    -1     0     1     2     3     4     5     6     7     8     9     10
BNO (n=17)   0.22  0.62  0.67  0.66  0.53  0.64  0.66  0.60  0.42  0.52  0.68  0.56  0.82  0.65  0.44  0.55  0.62  0.69  0.18 -0.03 -0.14
GLD (n=26)  -0.04 -0.01 -0.25 -0.07  0.09  0.31  0.22  0.52  0.55  0.59  0.49  0.50  0.70  0.74  0.69  0.57  0.46  0.37  0.05 -0.12 -0.48
HYG (n=24)   0.47  0.41  0.41  0.27  0.40  0.48 -0.10  0.20  0.38  0.39  0.38  0.64  0.74  0.90  0.90  0.80  0.82  0.84  0.41  0.47  0.00
IEF (n=27)  -0.02  0.29  0.27  0.52  0.52  0.49  0.28  0.34  0.26  0.56  0.52  0.83  0.59  0.64  0.47  0.53  0.62  0.60  0.42  0.11 -0.13
IWM (n=32)   0.39  0.45  0.34  0.34  0.36  0.61  0.15  0.57  0.47  0.56  0.52  0.81  0.86  0.85  0.79  0.67  0.75  0.69  0.38  0.20 -0.12
KBE (n=26)   0.13  0.29  0.08  0.09  0.32  0.45  0.19  0.38  0.53  0.44  0.65  0.98  0.82  0.77  0.81  0.68  0.69  0.55  0.53  0.34  0.13
KCE (n=26)   0.38  0.30  0.20  0.31  0.46  0.60  0.35  0.39  0.53  0.54  0.50  0.85  0.81  0.82  0.68  0.66  0.65  0.58  0.40  0.09 -0.20
KIE (n=26)   0.45  0.33  0.13 -0.06  0.41  0.54  0.50  0.41  0.48  0.54  0.65  0.79  0.78  0.75  0.81  0.68  0.74  0.52  0.49  0.23 -0.12
KRE (n=26)  -0.07  0.06 -0.04  0.00  0.26  0.45  0.26  0.28  0.29  0.29  0.35  0.81  0.80  0.83  0.83  0.63  0.69  0.67  0.64  0.43  0.22
QQQ (n=34)   0.45  0.54  0.28  0.31  0.34  0.30  0.25  0.41  0.40  0.30  0.25  0.47  0.73  0.77  0.69  0.64  0.55  0.35  0.28  0.01 -0.31
RWR (n=29)   0.23  0.28 -0.03  0.18  0.19  0.65  0.51  0.71  0.62  0.63  0.73  0.89  0.84  0.88  0.91  0.82  0.84  0.61  0.38  0.37  0.11
SPY (n=40)   0.46  0.44  0.23  0.39  0.41  0.42  0.49  0.60  0.60  0.64  0.51  0.79  0.83  0.84  0.83  0.70  0.52  0.45  0.27  0.17 -0.43
TLT (n=27)   0.41  0.37  0.24  0.26  0.42  0.59  0.55  0.38  0.31  0.34  0.46  0.79  0.57  0.55  0.44  0.57  0.36  0.33  0.27 -0.13  0.07
XAR (n=15)   0.66  0.60  0.55  0.30  0.54  0.48  0.46  0.73  0.69  0.53  0.37  0.71  0.97  0.61  0.70  0.63  0.70  0.68  0.18  0.11 -0.39
XBI (n=26)   0.38  0.62  0.45  0.36  0.29  0.39  0.46  0.49  0.51  0.36  0.37  0.59  0.56  0.58  0.61  0.65  0.53  0.43  0.34  0.12 -0.06
XES (n=26)   0.28  0.38  0.46  0.41  0.40  0.51  0.39  0.30  0.41  0.49  0.47  0.61  0.71  0.69  0.61  0.52  0.56  0.66  0.26  0.17 -0.21
XHB (n=26)   0.09  0.27  0.35  0.41  0.26  0.56  0.41  0.57  0.49  0.61  0.43  0.54  0.62  0.85  0.72  0.61  0.49  0.62  0.44  0.41 -0.29
XHE (n=16)   0.02  0.07 -0.24  0.02  0.10  0.32  0.03  0.62  0.18  0.63  0.60  0.76  0.77  0.95  0.94  0.74  0.64  0.49  0.48  0.04 -0.12
XHS (n=15)   0.52  0.43  0.33  0.13  0.36  0.32 -0.19 -0.02  0.32  0.41  0.26  0.51  0.64  0.60  0.52  0.52  0.55  0.48  0.57  0.19 -0.40
XLB (n=35)   0.36  0.28  0.31  0.34  0.45  0.57  0.60  0.58  0.51  0.60  0.66  0.77  0.66  0.72  0.54  0.34  0.34  0.28  0.26  0.12 -0.20
XLC (n=9)    0.01  0.01  0.17  0.16  0.18  0.10  0.19  0.32  0.48  0.66  0.61  0.95  0.78  0.71  0.56  0.88  0.69  0.48  0.18  0.05 -0.77
XLE (n=35)   0.34  0.16  0.23  0.46  0.27  0.48  0.34  0.51  0.62  0.55  0.51  0.61  0.82  0.75  0.65  0.70  0.66  0.67  0.45  0.14 -0.02
XLF (n=35)   0.25  0.20  0.24  0.30  0.32  0.60  0.53  0.56  0.54  0.61  0.75  0.97  0.90  0.95  0.97  0.88  0.74  0.59  0.57  0.34  0.17
XLI (n=35)   0.34  0.39  0.29  0.46  0.44  0.47  0.50  0.71  0.67  0.52  0.55  0.75  0.74  0.66  0.57  0.66  0.55  0.45  0.19  0.12 -0.25
XLK (n=35)   0.38  0.32  0.06  0.15  0.25  0.19  0.16  0.26  0.29  0.21  0.15  0.56  0.72  0.71  0.77  0.69  0.49  0.43  0.26  0.05 -0.20
XLP (n=35)   0.43  0.40  0.33  0.38  0.38  0.35  0.31  0.41  0.33  0.32  0.39  0.51  0.49  0.31  0.31  0.27  0.32  0.31  0.29  0.08 -0.29
XLRE (n=11)  0.08 -0.13  0.03  0.23  0.36  0.77  0.81  0.94  0.65  0.72  0.86  1.07  1.02  0.98  0.89  0.79  0.69  0.52  0.46  0.44 -0.39
XLU (n=35)   0.02  0.24  0.20  0.33  0.29  0.44  0.50  0.59  0.60  0.55  0.48  0.46  0.53  0.47  0.55  0.52  0.55  0.50  0.15  0.10 -0.41
XLV (n=35)   0.27  0.37  0.41  0.36  0.46  0.26  0.29  0.27  0.30  0.35  0.35  0.49  0.54  0.56  0.58  0.55  0.53  0.20  0.09  0.14 -0.28
XLY (n=35)   0.48  0.23  0.08  0.29  0.21  0.54  0.41  0.52  0.54  0.52  0.28  0.66  0.76  0.78  0.85  0.63  0.66  0.73  0.52  0.16 -0.10
XME (n=26)   0.44  0.51  0.26  0.34  0.47  0.65  0.44  0.55  0.62  0.66  0.44  0.61  0.69  0.72  0.63  0.45  0.42  0.18 -0.06 -0.18 -0.45
XOP (n=26)   0.08  0.07  0.43  0.31  0.31  0.45  0.07  0.09  0.26  0.03  0.32  0.48  0.66  0.70  0.75  0.77  0.81  0.61  0.53  0.35  0.09
XPH (n=26)   0.66  0.60  0.54  0.41  0.56  0.49  0.36  0.46  0.36  0.26  0.15  0.25  0.55  0.54  0.34  0.40  0.34  0.21  0.19  0.01  0.01
XRT (n=26)   0.09  0.16  0.01  0.16  0.17  0.39  0.21  0.19  0.50  0.43  0.45  0.63  0.80  0.79  0.70  0.69  0.70  0.64  0.59  0.15 -0.11
XSD (n=26)   0.15  0.16  0.08  0.34  0.38  0.43  0.27  0.46  0.07  0.18  0.06  0.51  0.61  0.75  0.49  0.69  0.76  0.31  0.39  0.19 -0.14
XSW (n=15)   0.41  0.42  0.16  0.29  0.39  0.38  0.32  0.46  0.55  0.78  0.63  0.70  0.86  0.86  0.79  0.68  0.76  0.68  0.33  0.13 -0.18
XTL (n=16)   0.65  0.46  0.34  0.49  0.33  0.33  0.25  0.55  0.62  0.39  0.44  0.75  0.92  0.92  0.92  0.90  0.61  0.51  0.46  0.14 -0.40
XTN (n=16)   0.64  0.47  0.44  0.46  0.41  0.35  0.13  0.25  0.38  0.17  0.40  0.64  0.42  0.30  0.35  0.44  0.57  0.39  0.22  0.01 -0.70

=== IV/RV ratio ROC5 z (implied vs ticker realized) around PEAKS. + = implied rising faster than realized ===
                     -10   -9    -8    -7    -6    -5    -4    -3    -2    -1     0     1     2     3     4     5     6     7     8     9     10
SPY:VIX/RV (n=35)   0.11  0.14  0.35  0.33  0.28  0.25  0.13 -0.06 -0.10 -0.04  0.21 -0.06  0.16  0.35  0.33  0.41  0.25  0.23  0.03 -0.05 -0.33
QQQ:VXN/RV (n=25)   0.05  0.13  0.38  0.38  0.47  0.07  0.28 -0.18 -0.27 -0.21 -0.12  0.03  0.13  0.34  0.55  0.49  0.21  0.06 -0.26 -0.37 -0.25
TLT:MOVE/RV (n=23) -0.19 -0.28 -0.08 -0.00 -0.08 -0.18  0.03 -0.21 -0.20 -0.47 -0.41 -0.38 -0.02  0.39  0.58  0.48  0.44  0.11  0.09 -0.00  0.03
IEF:MOVE/RV (n=23) -0.08 -0.21 -0.11  0.01 -0.21 -0.41 -0.03 -0.17 -0.18 -0.31 -0.44 -0.20 -0.04  0.36  0.56  0.39  0.51  0.19  0.16 -0.03 -0.25
GLD:GVZ/RV (n=18)   0.14 -0.25  0.10  0.06  0.02 -0.14 -0.19 -0.56  0.14 -0.08  0.23  0.22  0.02 -0.02 -0.15 -0.08 -0.05  0.14 -0.17 -0.06  0.02
XOP:OVX/RV (n=18)   0.03 -0.09  0.11  0.06  0.08 -0.21 -0.12 -0.40  0.16  0.06  0.34  0.56  0.55  0.22  0.51  0.32 -0.03 -0.18 -0.43 -0.71 -0.38
BNO:OVX/RV (n=14)   0.27  0.23  0.41  0.44  0.19  0.21  0.46 -0.00  0.05 -0.11  0.21  0.24  0.18  0.66  0.50  0.13  0.02 -0.13  0.02  0.19  0.24
XLE:OVX/RV (n=18)   0.12  0.03  0.14  0.39  0.30 -0.11 -0.09 -0.12 -0.23 -0.02  0.08  0.23  0.29  0.16  0.32 -0.10 -0.31 -0.50 -0.64 -0.98 -0.46
IWM:VIX/RV (n=26)   0.17  0.11  0.01  0.33  0.24  0.05  0.30 -0.24 -0.09 -0.21  0.04  0.07  0.18  0.39  0.55  0.45  0.34  0.23  0.04 -0.13 -0.24
HYG:VIX/RV (n=18)   0.18  0.05  0.08  0.31  0.16  0.03  0.24 -0.20 -0.25 -0.30 -0.07  0.23  0.20  0.09  0.46  0.76  0.59  0.14 -0.00 -0.36 -0.39

=== IV/RV ratio ROC5 z around TROUGHS ===
                     -10   -9    -8    -7    -6    -5    -4    -3    -2    -1     0     1     2     3     4     5     6     7     8     9     10
SPY:VIX/RV (n=40)  -0.05 -0.31 -0.04 -0.15 -0.39 -0.14  0.23  0.29  0.32  0.21  0.59 -0.28 -0.99 -1.29 -1.43 -1.55 -1.01 -0.48 -0.35 -0.26 -0.26
QQQ:VXN/RV (n=31)   0.08 -0.23  0.04  0.11  0.12 -0.19  0.29  0.22  0.29  0.35  0.75  0.01 -0.83 -1.10 -1.47 -1.75 -1.08 -0.61 -0.36 -0.25 -0.24
TLT:MOVE/RV (n=27)  0.15  0.12  0.26 -0.02 -0.08 -0.02  0.19  0.14  0.06 -0.05 -0.06 -0.35 -0.45 -0.47 -0.64 -0.69 -0.01  0.16 -0.19  0.01 -0.35
IEF:MOVE/RV (n=27) -0.01  0.00  0.18  0.13  0.00  0.32  0.26  0.50  0.15  0.00 -0.08 -0.54 -0.55 -0.65 -0.69 -0.78 -0.31 -0.23 -0.28 -0.21 -0.52
GLD:GVZ/RV (n=21)  -0.01 -0.28 -0.22 -0.23 -0.27  0.17  0.57  0.60  0.47  0.20  0.09 -0.08 -0.53 -0.41 -0.41 -0.57 -0.31 -0.80 -0.40 -0.40 -0.45
XOP:OVX/RV (n=24)   0.24  0.22  0.29 -0.09  0.21  0.06  0.08 -0.04  0.10 -0.03  0.09 -0.09 -0.52 -0.52 -0.92 -0.90 -0.89 -0.38 -0.13 -0.43 -0.21
BNO:OVX/RV (n=17)  -0.31 -0.30 -0.30 -0.17  0.07 -0.27 -0.06 -0.36 -0.21 -0.09  0.10 -0.07 -0.18 -0.48 -0.68 -0.79 -0.83 -0.50 -0.41 -0.67 -0.23
XLE:OVX/RV (n=24)   0.30  0.16  0.15 -0.04  0.27 -0.26 -0.11 -0.21 -0.39 -0.27  0.06 -0.06 -0.52 -0.50 -0.76 -0.81 -0.71 -0.33 -0.15 -0.26  0.04
IWM:VIX/RV (n=32)  -0.00 -0.13  0.05  0.09  0.07 -0.20  0.51  0.47  0.42  0.61  0.75 -0.22 -0.81 -1.34 -1.63 -1.83 -1.32 -0.73 -0.62 -0.24 -0.28
HYG:VIX/RV (n=24)  -0.25 -0.12  0.18  0.29  0.03  0.21  0.51  0.23  0.03  0.37  0.46 -0.28 -0.78 -1.01 -1.35 -1.13 -0.80 -0.44 -0.12 -0.08 -0.21

=== IV/RV ratio LEVEL z around PEAKS ===
                     -10   -9    -8    -7    -6    -5    -4    -3    -2    -1     0     1     2     3     4     5     6     7     8     9     10
SPY:VIX/RV (n=35)   0.21  0.16  0.19  0.23  0.24  0.18  0.22  0.20  0.30  0.16  0.14  0.21  0.37  0.42  0.31  0.41  0.56  0.30  0.35  0.19  0.13
QQQ:VXN/RV (n=25)   0.17  0.05  0.39  0.44  0.34  0.12  0.50  0.32  0.10  0.54  0.35  0.04  0.35  0.36  0.35  0.30  0.38  0.24  0.15  0.11  0.17
TLT:MOVE/RV (n=23) -0.13 -0.18 -0.28 -0.25 -0.17  0.05 -0.30 -0.24 -0.31 -0.45 -0.37 -0.57 -0.57 -0.39 -0.37 -0.35 -0.30 -0.17 -0.20 -0.16 -0.40
IEF:MOVE/RV (n=23) -0.07 -0.02  0.22  0.11  0.06 -0.08 -0.04 -0.26 -0.13 -0.23 -0.29 -0.20 -0.20 -0.31  0.38  0.28  0.11  0.12  0.28  0.29  0.36
GLD:GVZ/RV (n=18)  -0.10 -0.27 -0.02 -0.12 -0.12 -0.02 -0.14  0.01  0.10  0.39  0.27  0.17  0.02 -0.02 -0.18 -0.31 -0.23 -0.26 -0.17 -0.18 -0.16
XOP:OVX/RV (n=18)   0.19  0.14  0.11 -0.08 -0.12 -0.13 -0.08  0.02  0.12 -0.11  0.07  0.25  0.17  0.26  0.45  0.22  0.22  0.17  0.07 -0.07 -0.07
BNO:OVX/RV (n=14)  -0.17 -0.10  0.17  0.11 -0.01 -0.25  0.04  0.13  0.12  0.15  0.25  0.30  0.28  0.38  0.24  0.18  0.23  0.49  0.20  0.07  0.25
XLE:OVX/RV (n=18)  -0.25 -0.15 -0.12 -0.14 -0.02  0.02  0.13  0.28  0.32  0.25  0.39  0.36  0.53  0.45  0.52  0.35  0.25  0.06  0.08 -0.01  0.03
IWM:VIX/RV (n=26)   0.37  0.24  0.21  0.36  0.38 -0.08  0.13 -0.03 -0.03  0.21  0.32  0.49  0.52  0.50  0.68  0.82  0.78  0.76  0.74  0.65  0.57
HYG:VIX/RV (n=18)  -0.04  0.22  0.57  0.65  0.26  0.01  0.18  0.35  0.42  0.12  0.19  0.33  0.53  0.47  0.52  0.69  0.58  0.54  0.52  0.38  0.43

=== IV/RV ratio LEVEL z around TROUGHS ===
                     -10   -9    -8    -7    -6    -5    -4    -3    -2    -1     0     1     2     3     4     5     6     7     8     9     10
SPY:VIX/RV (n=40)   0.18  0.13  0.28  0.01 -0.08 -0.25 -0.24 -0.06 -0.02  0.25  0.27 -0.27 -0.71 -0.82 -0.91 -1.00 -0.97 -0.97 -1.15 -1.07 -1.21
QQQ:VXN/RV (n=31)   0.10  0.11  0.11  0.14 -0.01  0.14  0.14  0.12  0.11  0.35  0.61 -0.14 -0.32 -0.45 -0.79 -0.77 -0.88 -0.77 -0.85 -0.76 -0.89
TLT:MOVE/RV (n=27) -0.12 -0.10  0.05  0.28  0.31  0.13  0.45  0.29  0.64  0.64  0.50  0.10 -0.31 -0.15 -0.13 -0.06  0.03 -0.03 -0.31 -0.27 -0.25
IEF:MOVE/RV (n=27)  0.19  0.16  0.22  0.05  0.12  0.06  0.32  0.38  0.57  0.34  0.26  0.18  0.02  0.07 -0.04  0.05 -0.16 -0.25 -0.37 -0.30 -0.37
GLD:GVZ/RV (n=21)  -0.08 -0.29 -0.19 -0.36 -0.16 -0.03  0.18  0.57  0.68 -0.02  0.60 -0.05 -0.19 -0.30 -0.19 -0.35 -0.31 -0.57 -0.55 -0.65 -0.88
XOP:OVX/RV (n=24)  -0.06 -0.08  0.02  0.11  0.40  0.10 -0.01  0.04 -0.02  0.01  0.00  0.01 -0.30 -0.39 -0.20 -0.27 -0.42 -0.59 -0.45 -0.52 -0.50
BNO:OVX/RV (n=17)   0.39  0.20  0.30  0.33  0.26  0.19  0.22  0.11  0.17  0.15  0.34 -0.01  0.03 -0.32 -0.29 -0.18 -0.35 -0.25 -0.45 -0.66 -0.73
XLE:OVX/RV (n=24)  -0.08  0.01  0.16  0.04  0.25 -0.12 -0.00 -0.14 -0.15 -0.03  0.14 -0.25 -0.37 -0.68 -0.61 -0.76 -0.83 -0.61 -0.45 -0.57 -0.58
IWM:VIX/RV (n=32)   0.57  0.42  0.57  0.73  0.48  0.49  0.55  0.70  0.99  1.05  1.28  0.28  0.05 -0.27 -0.53 -0.45 -0.70 -0.76 -0.60 -0.60 -0.90
HYG:VIX/RV (n=24)  -0.05 -0.16  0.06  0.24  0.29  0.33  0.26  0.40  0.55  0.51  0.50  0.13 -0.22 -0.26 -0.32 -0.39 -0.55 -0.43 -0.64 -0.60 -0.77

=== REALIZED VOL BREADTH around PEAKS ===
                                          -10   -9    -8    -7    -6    -5    -4    -3    -2    -1     0     1     2     3     4     5     6     7     8     9     10
RV breadth (share RV10/RV21>1.2) (n=36)  0.03  0.03  0.03  0.05  0.05  0.05  0.03  0.03  0.04  0.03  0.03  0.03  0.03  0.03  0.05  0.05  0.07  0.08  0.07  0.05  0.03
breadth z (n=31)                        -0.48 -0.43 -0.36 -0.18 -0.04 -0.04 -0.43 -0.35 -0.27 -0.34 -0.39 -0.38 -0.44 -0.26 -0.04 -0.21  0.01 -0.12  0.10  0.45 -0.45

=== REALIZED VOL BREADTH around TROUGHS ===
                    -10   -9    -8    -7    -6    -5    -4    -3    -2    -1     0     1     2     3     4     5     6     7     8     9    10
RV breadth (n=40)  0.05  0.05  0.05  0.05  0.05  0.05  0.08  0.08  0.07  0.08  0.07  0.16  0.16  0.16  0.15  0.11  0.08  0.05  0.04  0.03  0.0
breadth z (n=36)   0.07 -0.18 -0.10 -0.29 -0.14 -0.09 -0.09 -0.07  0.02  0.06  0.21  0.55  0.64  0.47  0.48  0.25  0.21 -0.08 -0.29 -0.39 -0.7

=== IV/RV native pairs as SPY drawdown predictors: P(5% DD/21d) by quintile of LEVEL (pct252) and of ROC5 z; base 0.174 ===
SPY:VIX/RV     level  P(off) by Q: 0.220 0.167 0.182 0.183 0.147   fwd21% by Q:  0.61  1.35  0.58  0.73  1.08  n=8040
SPY:VIX/RV     roc5z  P(off) by Q: 0.174 0.185 0.171 0.189 0.179   fwd21% by Q:  1.13  0.76  0.71  0.78  0.97  n=8035
QQQ:VXN/RV     level  P(off) by Q: 0.215 0.174 0.183 0.167 0.117   fwd21% by Q:  0.30  1.04  0.89  0.60  1.23  n=6046
QQQ:VXN/RV     roc5z  P(off) by Q: 0.184 0.173 0.156 0.172 0.169   fwd21% by Q:  0.86  0.67  0.89  0.74  0.89  n=6041
TLT:MOVE/RV    level  P(off) by Q: 0.185 0.158 0.162 0.149 0.172   fwd21% by Q:  0.89  0.94  0.82  0.71  0.88  n=5341
TLT:MOVE/RV    roc5z  P(off) by Q: 0.174 0.158 0.150 0.144 0.202   fwd21% by Q:  0.64  0.97  1.10  0.95  0.57  n=5331
IEF:MOVE/RV    level  P(off) by Q: 0.173 0.165 0.159 0.162 0.168   fwd21% by Q:  0.80  0.99  0.79  0.71  0.94  n=5341
IEF:MOVE/RV    roc5z  P(off) by Q: 0.173 0.154 0.140 0.152 0.209   fwd21% by Q:  0.77  0.99  1.14  1.05  0.29  n=5331
GLD:GVZ/RV     level  P(off) by Q: 0.162 0.098 0.144 0.169 0.179   fwd21% by Q:  0.77  1.55  1.42  1.01  1.19  n=4197
GLD:GVZ/RV     roc5z  P(off) by Q: 0.149 0.141 0.148 0.141 0.169   fwd21% by Q:  1.31  1.20  1.11  1.21  1.14  n=4192
XOP:OVX/RV     level  P(off) by Q: 0.245 0.162 0.159 0.157 0.158   fwd21% by Q:  0.33  0.97  0.91  1.17  1.30  n=4465
XOP:OVX/RV     roc5z  P(off) by Q: 0.183 0.155 0.159 0.219 0.167   fwd21% by Q:  0.97  0.88  0.84  0.57  1.45  n=4460
BNO:OVX/RV     level  P(off) by Q: 0.105 0.120 0.159 0.123 0.222   fwd21% by Q:  1.42  1.05  1.00  1.27  0.90  n=3673
BNO:OVX/RV     roc5z  P(off) by Q: 0.121 0.135 0.123 0.183 0.163   fwd21% by Q:  1.56  1.09  1.19  0.92  0.93  n=3668
XLE:OVX/RV     level  P(off) by Q: 0.272 0.151 0.153 0.170 0.134   fwd21% by Q:  0.50  0.88  1.05  0.89  1.36  n=4465
XLE:OVX/RV     roc5z  P(off) by Q: 0.188 0.183 0.152 0.196 0.163   fwd21% by Q:  1.10  0.57  0.90  0.72  1.42  n=4460
IWM:VIX/RV     level  P(off) by Q: 0.172 0.128 0.186 0.183 0.203   fwd21% by Q:  0.71  0.96  0.47  0.72  0.96  n=6190
IWM:VIX/RV     roc5z  P(off) by Q: 0.163 0.170 0.159 0.193 0.186   fwd21% by Q:  0.88  0.83  0.79  0.49  0.84  n=6185
HYG:VIX/RV     level  P(off) by Q: 0.306 0.171 0.150 0.124 0.130   fwd21% by Q: -0.05  0.92  1.12  1.30  1.40  n=4465
HYG:VIX/RV     roc5z  P(off) by Q: 0.167 0.193 0.167 0.191 0.165   fwd21% by Q:  1.03  0.78  0.96  0.79  1.14  n=4460

### RV breadth z (rows) x VIX ROC5 z (cols): P(SPY 5% DD/21d) | mean SPY fwd21 % | n
      P(DD)                   fwd21                      n                 
B       <-1 -1..0  0..1    >1   <-1 -1..0  0..1    >1  <-1 -1..0  0..1   >1
A                                                                          
<-1    0.00  0.00  0.00  0.00  1.32  1.71  1.50  2.35    6     9     7    2
-1..0  0.21  0.19  0.18  0.21  0.39  0.53  0.68  1.04  461  1810  1572  463
0..1   0.18  0.15  0.19  0.24  1.00  0.61  0.45  0.81  200   536   464  210
>1     0.14  0.22  0.19  0.24  1.39  0.54  0.83  1.66  199   342   283  234

### SPY RV10/RV21 z (rows) x VIX ROC5 z (cols): P(SPY 5% DD/21d) | mean SPY fwd21 % | n
      P(DD)                   fwd21                      n                 
B       <-1 -1..0  0..1    >1   <-1 -1..0  0..1    >1  <-1 -1..0  0..1   >1
A                                                                          
<-1    0.18  0.14  0.13  0.24  0.58  1.11  1.13  0.85  148   629   398   84
-1..0  0.25  0.23  0.19  0.16  0.23  0.12  0.59  1.75  235   905   860  216
0..1   0.17  0.16  0.17  0.21  1.08  0.98  0.89  1.43  446  1259  1166  534
>1     0.11  0.17  0.17  0.22  1.67  0.56  0.93  1.01  221   356   318  265

### SPY IV/RV ROC5 z (rows) x VIX ROC5 z (cols): P(SPY 5% DD/21d) | mean SPY fwd21 % | n
      P(DD)                   fwd21                      n                 
B       <-1 -1..0  0..1    >1   <-1 -1..0  0..1    >1  <-1 -1..0  0..1   >1
A                                                                          
<-1    0.16  0.16  0.20  0.28  1.12  1.32  0.86  1.00  594   343   149   80
-1..0  0.19  0.19  0.14  0.19  0.80  0.60  1.08  1.50  345  1519   693  204
0..1   0.22  0.17  0.18  0.21  0.52  0.71  0.77  1.05   87  1023  1420  462
>1     0.17  0.17  0.18  0.19  0.09  0.56  0.66  1.76   24   264   477  351

### SPY IV/RV level z (rows) x VIX ROC5 z (cols): P(SPY 5% DD/21d) | mean SPY fwd21 % | n
      P(DD)                   fwd21                      n                 
B       <-1 -1..0  0..1    >1   <-1 -1..0  0..1    >1  <-1 -1..0  0..1   >1
A                                                                          
<-1    0.20  0.23  0.24  0.24  0.73  0.34  0.32  1.09  455   636   292   85
-1..0  0.12  0.15  0.17  0.27  1.61  1.16  1.12  0.79  346  1110   771  286
0..1   0.20  0.20  0.17  0.19  0.40  0.31  0.61  1.63  200   943  1025  408
>1     0.20  0.12  0.14  0.16  0.43  0.96  1.06  1.55   49   460   654  320

### TLT IV/RV ROC5 z (rows) x MOVE ROC5 z (cols): P(SPY 5% DD/21d) | mean SPY fwd21 % | n
      P(DD)                   fwd21                      n                
B       <-1 -1..0  0..1    >1   <-1 -1..0  0..1    >1  <-1 -1..0 0..1   >1
A                                                                         
<-1    0.14  0.25  0.15  0.17  0.95 -0.27  0.98  0.71  297   247  141   52
-1..0  0.20  0.16  0.14  0.12  0.59  1.03  1.12  1.69  314   975  529  127
0..1   0.13  0.17  0.15  0.14  0.40  0.71  0.99  1.08   97   668  824  297
>1     0.23  0.21  0.16  0.23  1.68  1.03  0.64  0.32   22   174  287  280

### TLT IV/RV level z (rows) x TNX chg5 z (cols): P(SPY 5% DD/21d) | mean SPY fwd21 % | n
      P(DD)                   fwd21                      n                
B       <-1 -1..0  0..1    >1   <-1 -1..0  0..1    >1  <-1 -1..0 0..1   >1
A                                                                         
<-1    0.22  0.19  0.17  0.23  1.37  1.10  0.96 -0.30  183   315  292  158
-1..0  0.16  0.16  0.15  0.17  1.12  1.07  0.82  0.36  255   624  584  223
0..1   0.20  0.16  0.13  0.18  0.67  0.75  0.83  0.39  196   585  658  266
>1     0.15  0.13  0.18  0.25  2.19  0.88  0.75  0.20  177   336  330  159

### GLD IV/RV ROC5 z (rows) x GVZ ROC5 z (cols): P(SPY 5% DD/21d) | mean SPY fwd21 % | n
      P(DD)                   fwd21                      n                
B       <-1 -1..0  0..1    >1   <-1 -1..0  0..1    >1  <-1 -1..0 0..1   >1
A                                                                         
<-1    0.16  0.17  0.10  0.08  1.24  0.56  1.76  3.05  186   202   82   53
-1..0  0.16  0.14  0.16  0.14  1.22  1.14  1.21  2.06  245   852  385  107
0..1   0.20  0.14  0.13  0.17  1.65  0.97  1.15  1.29   61   551  688  209
>1     0.43  0.24  0.15  0.13 -1.82  0.73  1.24  1.84   14   152  218  187

### XOP IV/RV ROC5 z (rows) x OVX ROC5 z (cols): P(SPY 5% DD/21d) | mean SPY fwd21 % | n
      P(DD)                   fwd21                      n                
B       <-1 -1..0  0..1    >1   <-1 -1..0  0..1    >1  <-1 -1..0 0..1   >1
A                                                                         
<-1    0.17  0.18  0.19  0.18  1.24  0.55  1.03  3.59  236   241   88   28
-1..0  0.21  0.16  0.15  0.17  0.69  0.91  0.70  1.09  235   928  438   89
0..1   0.24  0.15  0.19  0.24  0.65  0.83  0.89  0.33   62   542  722  235
>1     0.44  0.20  0.14  0.17 -0.50  1.13  1.27  2.25   16   127  243  230

### QQQ IV/RV ROC5 z (rows) x VXN ROC5 z (cols): P(SPY 5% DD/21d) | mean SPY fwd21 % | n
      P(DD)                   fwd21                      n                
B       <-1 -1..0  0..1    >1   <-1 -1..0  0..1    >1  <-1 -1..0 0..1   >1
A                                                                         
<-1    0.15  0.17  0.27  0.31  1.06  1.42 -0.06 -0.62  441   271  118   67
-1..0  0.17  0.19  0.14  0.16  0.70  0.56  0.91  1.28  302  1060  490  186
0..1   0.14  0.15  0.19  0.17  0.87  0.78  0.58  1.20   80   803  992  359
>1     0.06  0.10  0.16  0.22  1.08  1.22  0.67  1.46   18   181  389  284

### HYG RV10/RV21 z (rows) x VIX ROC5 z (cols): P(SPY 5% DD/21d) | mean SPY fwd21 % | n
      P(DD)                   fwd21                      n                
B       <-1 -1..0  0..1    >1   <-1 -1..0  0..1    >1  <-1 -1..0 0..1   >1
A                                                                         
<-1    0.28  0.14  0.11  0.17 -0.18  1.34  1.17  1.50   65   350  228   64
-1..0  0.22  0.19  0.18  0.18  0.30  0.64  0.77  0.65  100   530  464  136
0..1   0.14  0.16  0.18  0.22  1.31  0.79  0.75  1.72  238   700  642  290
>1     0.10  0.19  0.16  0.30  2.11  0.87  1.09  0.20  134   232  181  111

### TLT RV10/RV21 z (rows) x MOVE ROC5 z (cols): P(SPY 5% DD/21d) | mean SPY fwd21 % | n
      P(DD)                   fwd21                      n                
B       <-1 -1..0  0..1    >1   <-1 -1..0  0..1    >1  <-1 -1..0 0..1   >1
A                                                                         
<-1    0.29  0.19  0.12  0.26  0.00  0.72  1.07 -0.87  135   365  264   74
-1..0  0.14  0.15  0.12  0.20  0.90  1.18  1.18  0.70  236   623  480  164
0..1   0.14  0.19  0.16  0.12  0.67  0.43  0.82  1.66  254   830  749  337
>1     0.12  0.19  0.16  0.22  1.54  0.93  0.93  0.28  105   246  288  181

### KRE RV10/RV21 z (rows) x TNX chg5 z (cols): P(SPY 5% DD/21d) | mean SPY fwd21 % | n
      P(DD)                   fwd21                      n                
B       <-1 -1..0  0..1    >1   <-1 -1..0  0..1    >1  <-1 -1..0 0..1   >1
A                                                                         
<-1    0.26  0.12  0.12  0.23  0.36  1.16  1.47  0.15  104   277  246  104
-1..0  0.21  0.16  0.19  0.26  1.59  0.98  0.50 -0.22  179   457  448  224
0..1   0.18  0.18  0.17  0.19  1.35  1.08  1.06  0.62  290   672  701  276
>1     0.15  0.23  0.17  0.24  2.10  0.55  0.26 -0.25  139   222  219  107

### IWM rel-RV ROC5 z (rows) x VIX ROC5 z (cols): P(SPY 5% DD/21d) | mean SPY fwd21 % | n
      P(DD)                   fwd21                      n                
B       <-1 -1..0  0..1    >1   <-1 -1..0  0..1    >1  <-1 -1..0 0..1   >1
A                                                                         
<-1    0.16  0.13  0.16  0.19  0.78  1.11  0.51  1.25   89   216  281  225
-1..0  0.16  0.20  0.17  0.25  1.04  0.47  0.70  0.86  288   884  723  274
0..1   0.16  0.17  0.18  0.21  0.73  0.59  0.77  1.49  320  1035  784  258
>1     0.13  0.12  0.16  0.21  1.71  1.01  0.61  0.67   71   342  314   81

### HYG rel-RV ROC5 z (rows) x VIX ROC5 z (cols): P(SPY 5% DD/21d) | mean SPY fwd21 % | n
      P(DD)                   fwd21                      n                
B       <-1 -1..0  0..1    >1   <-1 -1..0  0..1    >1  <-1 -1..0 0..1   >1
A                                                                         
<-1    0.10  0.19  0.17  0.21  0.85  1.26  0.83  1.25   51   158  185  156
-1..0  0.17  0.18  0.19  0.23  0.95  0.79  0.81  0.91  239   691  575  225
0..1   0.17  0.17  0.16  0.21  1.58  1.05  1.07  2.25  186   736  546  153
>1     0.18  0.14  0.14  0.25  0.83  0.27  0.51 -0.57   61   224  207   67

=== per-ticker: P(SPY 5% DD) when ticker RV10/RV21 z in top vs bottom quintile; and ticker median 10d rel return by (own realized expanding z>1 / compressed z<-0.5) x (VIX ROC5 z >1 / <-1) ===
        P_off_RVRtopQ  P_off_RVRbotQ  fwd10rel_RVexp_VIXup   n1  fwd10rel_RVexp_VIXdown   n2  fwd10rel_RVcomp_VIXup   n3  fwd10rel_RVcomp_VIXdown   n4
ticker                                                                                                                                                
BNO             0.127          0.170                -0.566   87                  -0.415   83                  0.272  110                   -0.814   96
GLD             0.144          0.184                -0.707  136                  -0.920  118                 -0.783  134                   -0.851  167
HYG             0.184          0.158                -0.616  111                  -0.601  134                 -0.932  112                    0.125   97
IEF             0.143          0.165                -1.311  136                  -0.860  127                 -0.842  169                   -0.818  167
IWM             0.161          0.152                 0.020  167                   0.090  168                 -0.049  134                   -0.008  179
KBE             0.174          0.158                -0.313  147                   0.268  121                 -0.751  112                   -0.433  125
KCE             0.191          0.166                -0.338  154                   0.211  135                 -0.285  104                   -0.186  119
KIE             0.163          0.165                -0.391  156                  -0.096  115                 -0.295  102                   -0.079  117
KRE             0.183          0.163                -0.526  135                   0.871  116                 -0.476  115                   -0.444  128
QQQ             0.182          0.159                 0.141  196                   0.377  176                 -0.126  136                   -0.015  173
RWR             0.160          0.185                -0.331  169                   0.104  116                 -0.269  165                    0.123  167
SPY             0.179          0.157                 0.000  265                   0.000  221                  0.000  168                    0.000  230
TLT             0.163          0.185                -0.726  130                  -0.635  133                 -0.924  170                   -0.866  185
XAR             0.138          0.139                 0.981  103                   0.581   87                 -0.272   57                    0.016   88
XBI             0.180          0.172                 0.782  124                  -0.383  127                  0.203  121                    1.291  116
XES             0.171          0.158                -1.740  120                  -0.863  123                  0.326  136                   -0.672  120
XHB             0.183          0.159                 0.145  146                   0.282  114                 -0.801  120                   -0.850  126
XHE             0.165          0.130                -1.162   94                   0.518  101                 -0.127   92                    0.458   71
XHS             0.147          0.108                -0.038   86                   0.338   84                  0.478   85                   -0.034   80
XLB             0.205          0.196                 0.050  199                   0.344  153                 -0.185  145                    0.166  192
XLC             0.206          0.127                -0.711   33                   0.011   45                  0.152   28                   -0.159   34
XLE             0.171          0.179                -0.887  167                   0.254  169                  0.493  171                   -0.131  177
XLF             0.185          0.197                 0.031  211                   0.013  174                 -0.223  152                   -0.247  194
XLI             0.186          0.163                 0.308  206                   0.151  186                 -0.266  146                    0.023  167
XLK             0.169          0.184                 0.180  197                   0.174  184                 -0.027  140                    0.149  177
XLP             0.199          0.185                 0.032  197                   0.031  144                  0.172  163                   -0.352  180
XLRE            0.148          0.196                -0.935   60                   0.459   36                 -0.930   47                   -0.786   64
XLU             0.189          0.200                 0.108  184                  -0.597  158                  1.034  214                    0.476  219
XLV             0.201          0.194                -0.151  175                  -0.378  167                  0.151  150                    0.023  169
XLY             0.190          0.155                 0.049  193                   0.130  159                  0.232  148                   -0.133  182
XME             0.160          0.180                -1.439  141                  -0.292  117                  0.366  129                   -0.120  137
XOP             0.180          0.158                -0.099  127                  -0.993  116                  0.253  136                    0.101  120
XPH             0.189          0.196                 0.028  133                  -0.264  110                 -0.344  128                    0.165  141
XRT             0.181          0.183                -0.204  118                   0.938  115                 -0.581  149                    0.028  110
XSD             0.162          0.146                 0.213  134                   0.235  125                  0.066  107                    0.523  120
XSW             0.163          0.100                 0.294   88                   0.523  105                  0.403   54                    0.332   79
XTL             0.138          0.124                 0.176   93                   0.128   96                 -0.556   77                    0.334   70
XTN             0.147          0.075                -0.881  101                   1.504   91                 -0.072   84                    0.197   80
