as of 2026-10-07
         level  pct252  roc1   roc3   roc5  roc10  roc21    z3    z5   z10   z21
series                                                                          
VIX      15.08    0.12  0.47  -1.51  -8.02  -0.66  -4.16 -0.12 -0.58 -0.03 -0.20
VIX1D     9.30    0.09  6.78 -14.58 -27.14 -14.12 -11.47 -0.47 -0.84 -0.40 -0.30
VIX9D    11.78    0.06 -2.10  -2.35 -18.68 -13.26 -22.89 -0.12 -0.84 -0.51 -0.75
VIX3M    17.72    0.03  0.45  -1.62  -3.60  -2.18  -3.71 -0.25 -0.47 -0.21 -0.29
VIX6M    19.86    0.02  0.10  -1.45  -2.44  -1.25  -2.39 -0.34 -0.48 -0.17 -0.25
VXN      21.00    0.21 -0.71  -0.95  -6.72   1.15  -3.33 -0.11 -0.59  0.06 -0.23
VVIX     83.18    0.02  0.71  -4.51  -7.30  -6.31  -6.41 -0.56 -0.76 -0.54 -0.45
MOVE    102.56    0.95 -2.54  -4.51  -7.41   7.18  29.78 -0.58 -0.81  0.42  1.56
GVZ      23.39    0.18  1.81   0.69  -1.49   2.69 -15.31  0.04 -0.14  0.10 -0.87
OVX      48.61    0.42 -0.37  -4.80  -7.20  -9.10   0.04 -0.48 -0.56 -0.53 -0.13
SKEW    141.84    0.27  0.45  -2.12  -0.06  -2.99  -4.83 -0.58 -0.01 -0.59 -0.89
TNX       5.28    0.99  0.80   0.00  -1.60  16.30  47.10 -0.21 -0.46  1.02  2.43
TYX       5.66    1.00  2.00   3.10   2.30  26.00  39.70  0.34  0.06  2.15  2.48
             level  pct252  roc5z  roc3z
ratio                                   
VIX/VIX3M    0.851    0.40  -0.66   0.02
VIX9D/VIX    0.781    0.07  -1.03  -0.09
VIX1D/VIX9D  0.789    0.35  -0.47  -0.55
VVIX/VIX     5.516    0.44   0.12  -0.51
MOVE/VIX     6.801    0.99  -0.02  -0.35
GVZ/VIX      1.551    0.56   0.37   0.14
OVX/VIX      3.223    0.57   0.00  -0.30

SPY dd63: -0.24 % ret5: 1.9 % ret21: 1.71 %

rules live today: []
rules fired in last 10 days:
Date             2026-09-24  2026-09-25  2026-09-28  2026-09-29  2026-09-30  2026-10-01  2026-10-02  2026-10-05  2026-10-06  2026-10-07
SETUP_rates               0           0           0           0           0           0           0           0           0           0
SETUP_complac             0           0           0           0           0           0           0           0           0           0
ONSET_impulse             0           0           0           0           0           0           0           0           0           0
ONSET_vvixlag             0           0           0           0           0           0           0           0           0           0
ONSET_movelag             0           0           0           0           0           0           0           0           0           0
ONSET_ovxdiv              0           0           0           0           0           0           0           0           0           0
CONT_2ndleg               0           0           0           0           0           0           0           0           0           0
CAP_alldims               0           0           0           0           0           0           0           0           0           0
CAP_vix_gvz               0           0           0           0           0           0           0           0           0           0
CAP_vvixout               0           0           0           0           0           0           0           0           0           0
ONCONF_collapse           0           0           0           0           0           0           0           0           0           0
FAIL_yieldsup             0           0           0           0           0           0           0           0           0           0
dimension tags last 5 days:
Date        2026-10-01  2026-10-02  2026-10-05  2026-10-06  2026-10-07
rateled              0           1           1           0           0
ftq                  0           0           0           0           0
oil                  0           0           0           0           0
goldvol              0           0           0           0           0
equityonly           0           0           0           1           1
stale series: none
json KB 111
