=== RISK-OFF EVENT DIMENSIONS (max ROC10 z in [peak, peak+10]) ===
          peak  depth                            dim  MOVE  TNXup  TNXdn   OVX   GVZ   VIX
0   1994-02-02 -0.089                      YIELDS_UP   NaN   1.69   1.04   NaN   NaN  3.03
1   1996-05-22 -0.079                      YIELDS_UP   NaN   1.13  -0.90   NaN   NaN  1.15
2   1997-02-18 -0.106                      YIELDS_UP   NaN   1.53  -0.97   NaN   NaN  0.64
3   1997-10-07 -0.119                      YIELDS_UP   NaN   1.40  -0.86   NaN   NaN -0.05
4   1998-07-14 -0.205                       VOL_ONLY   NaN   1.00   0.25   NaN   NaN  2.26
5   1999-07-16 -0.097                  YIELDS_UP+FTQ   NaN   1.09  -1.24   NaN   NaN  2.15
6   1999-12-31 -0.097                      YIELDS_UP   NaN   1.38   0.24   NaN   NaN  1.25
7   2000-03-24 -0.121                            FTQ   NaN  -0.95  -2.02   NaN   NaN  2.35
8   2000-09-01 -0.133                      YIELDS_UP   NaN   1.11  -0.47   NaN   NaN  1.71
9   2001-05-21 -0.104                      YIELDS_UP   NaN   1.64  -0.57   NaN   NaN  0.32
10  2001-12-05 -0.074                      YIELDS_UP   NaN   2.78   0.25   NaN   NaN  0.50
11  2002-03-19 -0.111                      YIELDS_UP   NaN   1.61  -0.29   NaN   NaN  0.87
12  2002-11-27 -0.105                  YIELDS_UP+FTQ   NaN   2.17  -1.06   NaN   NaN  2.01
13  2005-03-07 -0.072              RATEVOL+YIELDS_UP  2.04   1.38   0.18   NaN   NaN  1.03
14  2006-05-09 -0.079                        RATEVOL  1.40   0.65  -1.00   NaN   NaN  3.59
15  2007-07-19 -0.095                    RATEVOL+FTQ  2.97  -0.73  -2.63   NaN   NaN  3.41
16  2007-10-09 -0.105                            FTQ  0.30   0.93  -1.72   NaN   NaN  1.75
17  2008-05-06 -0.123                      YIELDS_UP  0.43   1.11  -0.43   NaN   NaN -0.15
18  2009-06-12 -0.072                  YIELDS_UP+FTQ  0.56   1.13  -1.01  0.96 -0.44  0.47
19  2010-01-19 -0.083                FTQ+OIL+GOLDVOL -0.23  -0.31  -1.31  1.61  1.21  3.50
20  2010-04-06 -0.108          RATEVOL+YIELDS_UP+FTQ  1.50   1.38  -1.21  0.27  0.73  0.68
21  2011-04-29 -0.071                FTQ+OIL+GOLDVOL  1.00  -0.36  -1.21  2.67  2.51  1.51
22  2011-10-27 -0.100                  YIELDS_UP+FTQ  0.86   1.11  -1.45  0.46  0.69  1.29
23  2012-04-02 -0.101                            FTQ -0.21  -0.01  -1.11  0.88  0.68  2.04
24  2012-09-14 -0.076              YIELDS_UP+FTQ+OIL  0.18   1.96  -1.53  1.23  0.53  0.81
25  2014-09-05 -0.072  RATEVOL+YIELDS_UP+OIL+GOLDVOL  1.36   2.71   0.66  2.25  3.29  1.01
26  2015-07-20 -0.127                    FTQ+GOLDVOL  0.13   0.82  -1.41  0.56  3.30  0.55
27  2018-01-26 -0.106  RATEVOL+YIELDS_UP+OIL+GOLDVOL  2.79   2.14   1.19  2.86  1.90  7.19
28  2018-08-29 -0.095                  YIELDS_UP+OIL  0.07   1.05  -0.50  1.41 -0.03  0.76
29  2020-09-02 -0.099                            OIL  0.59   0.63  -0.23  1.71 -0.29  1.35
30  2021-12-27 -0.123              RATEVOL+YIELDS_UP  1.18   2.34  -0.26 -0.41  0.87  0.54
31  2022-08-16 -0.182                      YIELDS_UP  0.97   1.30   0.12  0.46  0.64  1.27
32  2023-02-02 -0.078                      YIELDS_UP  0.95   1.54  -0.28  0.41  0.13  0.68
33  2024-07-16 -0.088                RATEVOL+FTQ+OIL  1.29   0.25  -1.69  2.47  0.99  2.53
34  2025-01-23 -0.101                            FTQ  0.56  -0.30  -1.52  0.68  0.93  0.70
35  2026-01-27 -0.090            RATEVOL+OIL+GOLDVOL  1.35   0.79  -0.51  1.35  3.92  1.44

=== TICKER move from RISK-OFF PEAK (median %, rel = vs SPY, hit = share of events beating SPY) ===
      abs5  rel5  hit_rel5  n5  abs10  rel10  hit_rel10  n10  abs21  rel21  hit_rel21  n21
XME  -4.26 -2.11      0.14  21  -4.47  -2.68       0.17   21  -6.21  -3.99       0.14   21
XSD  -3.06 -0.98      0.17  22  -3.83  -1.80       0.14   22  -6.20  -2.91       0.17   22
XLC  -3.33 -1.15      0.08   8  -3.42  -1.77       0.08    8  -5.00  -1.94       0.08    8
XLK  -3.59 -0.74      0.31  31  -3.98  -1.77       0.31   31  -4.49  -1.62       0.25   31
KCE  -3.84 -1.42      0.17  22  -4.21  -1.36       0.17   22  -5.16  -3.09       0.11   22
XOP  -3.76 -2.99      0.22  21  -3.40  -1.19       0.28   21  -4.33  -3.25       0.25   21
XHB  -4.47 -0.57      0.22  22  -3.03  -1.19       0.22   22  -5.63  -2.39       0.19   22
BNO  -2.38 -0.21      0.17  15  -3.24  -1.07       0.19   15  -3.02   0.10       0.22   15
XES  -2.98 -1.99      0.22  21  -4.80  -0.98       0.28   21  -5.63  -2.16       0.19   21
QQQ  -3.06 -0.62      0.33  31  -3.97  -0.78       0.25   31  -3.90  -1.11       0.22   31
XSW  -2.34 -0.13      0.19  14  -3.29  -0.73       0.14   14  -6.32  -1.48       0.06   14
KRE  -2.49 -0.09      0.25  21  -2.82  -0.71       0.25   21  -3.59  -1.35       0.22   21
KBE  -2.32  0.43      0.39  22  -2.80  -0.36       0.28   22  -2.90  -0.88       0.25   22
RWR  -2.47  0.30      0.39  26  -2.02  -0.28       0.31   26  -2.21   1.02       0.42   26
XTL  -2.64 -0.06      0.19  15  -2.25  -0.25       0.19   15  -4.08  -1.06       0.14   15
XBI  -2.09  0.02      0.31  22  -2.68  -0.25       0.31   22  -2.61   0.36       0.36   22
XLB  -2.36 -0.82      0.33  31  -3.34  -0.23       0.33   31  -3.93  -1.03       0.39   31
IWM  -2.33  0.00      0.39  28  -3.08  -0.20       0.33   28  -4.23  -0.87       0.22   28
XHE  -1.07  0.60      0.28  15  -3.00  -0.18       0.19   15  -2.77   0.94       0.25   15
XLY  -2.29  0.14      0.47  31  -3.01  -0.02       0.42   31  -3.81   0.16       0.47   31
SPY  -1.90  0.00      0.00  36  -2.34   0.00       0.00   36  -3.83   0.00       0.00   36
XRT  -2.95 -0.27      0.25  21  -1.89   0.05       0.31   21  -3.68  -1.73       0.22   21
XTN  -3.44 -0.05      0.19  15  -3.21   0.05       0.22   15  -4.27  -2.28       0.17   15
XPH  -1.36  0.80      0.39  21  -1.28   0.08       0.33   21  -1.80   1.72       0.39   21
XLF  -2.05  0.37      0.50  31  -3.06   0.38       0.50   31  -2.97   1.24       0.53   31
XLI  -1.78  0.36      0.56  31  -2.67   0.47       0.58   31  -2.80   0.54       0.47   31
XAR  -2.44 -0.17      0.17  14  -1.90   0.48       0.25   14  -1.74   1.49       0.28   14
XHS  -0.99  0.61      0.28  14  -0.85   0.75       0.22   14  -2.74   1.02       0.28   14
KIE  -2.05  0.54      0.39  22  -2.39   0.81       0.36   22  -2.78   1.53       0.42   22
HYG  -0.78  1.05      0.50  21  -0.88   0.98       0.50   21  -1.02   1.30       0.53   21
XLE  -2.94 -0.36      0.33  31  -1.90   0.98       0.50   31  -1.91   0.71       0.47   31
XLV  -1.77  0.43      0.53  31  -1.71   1.16       0.67   31  -1.55   2.15       0.64   31
GLD  -1.14  1.51      0.44  23  -1.53   1.84       0.44   23  -1.49   2.28       0.44   23
XLRE -1.07  0.97      0.17   9  -1.85   2.22       0.17    9  -2.83  -0.38       0.11    9
XLU  -1.08  1.27      0.72  31  -0.86   2.34       0.67   31  -0.96   2.99       0.78   31
XLP  -1.02  1.61      0.78  31   0.07   2.40       0.83   31  -0.15   3.24       0.78   31
IEF   0.15  1.99      0.61  24   0.95   3.51       0.56   24   1.56   3.88       0.61   24
TLT   0.22  2.12      0.56  24   1.42   4.85       0.56   24   2.77   5.20       0.56   24

=== TICKER move from RISK-ON TROUGH ===
      abs5  rel5  hit_rel5  n5  abs10  rel10  hit_rel10  n10  abs21  rel21  hit_rel21  n21
TLT  -1.65 -5.89      0.05  29  -1.35  -8.54       0.02   29  -1.15 -10.52       0.05   29
GLD   1.20 -4.20      0.10  26   0.97  -6.72       0.02   26   1.97  -7.06       0.05   26
IEF  -0.41 -5.41      0.05  29  -0.26  -6.68       0.00   29  -0.00  -8.07       0.00   29
HYG   1.68 -2.65      0.02  26   2.60  -3.88       0.02   26   4.02  -3.99       0.02   26
BNO   1.29 -3.26      0.10  19   2.96  -3.28       0.12   19   3.16  -5.18       0.12   19
XLP   2.93 -1.86      0.08  36   4.18  -2.05       0.15   36   5.69  -3.29       0.05   36
XLU   3.12 -2.06      0.22  36   3.62  -1.95       0.12   36   5.43  -3.14       0.12   36
XLE   4.04 -0.14      0.45  36   5.24  -1.70       0.22   36   7.89  -2.91       0.35   36
XLV   3.49 -1.13      0.15  36   5.15  -1.48       0.18   36   7.10  -2.01       0.25   36
XPH   4.08 -0.55      0.18  26   5.42  -1.19       0.25   26   6.74  -1.53       0.20   26
XLRE  3.65 -0.66      0.12  12   6.72  -1.12       0.12   12   8.55  -0.64       0.15   12
XOP   4.59 -1.08      0.25  26   4.26  -1.10       0.20   26   9.20   0.47       0.35   26
XLC   5.96  0.59      0.15  10   7.09  -0.95       0.10   10   9.14   0.14       0.12   10
XHS   3.54 -1.40      0.12  17   4.39  -0.72       0.12   17   7.56  -0.54       0.20   17
KIE   4.69  0.00      0.32  26   5.95  -0.33       0.30   26   8.81   0.02       0.32   26
RWR   3.86 -0.60      0.28  32   6.06  -0.32       0.40   32   9.21   0.28       0.40   32
SPY   5.05  0.00      0.00  40   6.45   0.00       0.00   40   8.71   0.00       0.00   40
XHE   4.25 -0.60      0.15  17   6.46   0.22       0.25   17   9.80   1.03       0.25   17
XLB   4.89 -0.04      0.45  36   6.01   0.37       0.48   36   7.99  -0.18       0.40   36
KRE   5.19  0.68      0.40  26   6.88   0.40       0.45   26   9.83   1.50       0.45   26
KBE   5.13  0.58      0.52  26   6.62   0.49       0.40   26   9.92   1.14       0.52   26
XLI   5.00  0.17      0.48  36   6.60   0.50       0.60   36  10.39   0.63       0.52   36
XLF   6.01  0.83      0.65  36   7.49   0.56       0.55   36  10.74   1.92       0.68   36
IWM   5.58  0.17      0.42  33   7.29   0.64       0.50   33  10.66   1.24       0.60   33
XES   3.49 -0.40      0.28  26   6.35   0.65       0.35   26  11.51   1.19       0.38   26
XLK   5.27  0.15      0.50  36   7.25   0.66       0.60   36  10.65   0.81       0.55   36
XLY   4.98  0.33      0.50  36   7.43   0.81       0.60   36  10.26   0.68       0.50   36
XAR   4.10  0.17      0.25  17   7.27   0.86       0.30   17   7.73   0.77       0.28   17
XTN   4.02 -1.03      0.18  17   6.08   0.89       0.28   17   9.51   1.06       0.28   17
KCE   5.43  0.75      0.40  26   8.32   0.92       0.42   26  10.86   2.51       0.50   26
XSW   4.45  0.10      0.22  17   7.28   1.11       0.28   17   9.96   2.04       0.32   17
XTL   5.57  0.17      0.22  17   6.20   1.16       0.28   17   9.08   1.76       0.30   17
XRT   4.53  0.79      0.40  26   6.45   1.35       0.40   26   9.35   0.42       0.40   26
XME   5.39  1.05      0.38  26   7.45   1.38       0.40   26  10.50   2.83       0.45   26
QQQ   5.28  0.57      0.60  36   8.72   1.48       0.68   36  10.50   1.46       0.57   36
XBI   5.51  0.77      0.40  26   8.00   1.54       0.40   26  10.10   1.47       0.42   26
XSD   6.22  1.18      0.52  26   8.49   2.10       0.50   26  12.84   4.33       0.52   26
XHB   5.97  1.48      0.42  26   8.14   2.59       0.48   26  10.97   1.97       0.40   26

--- RISK-OFF dim=contains RATEVOL/YIELDS_UP (n=27): median 10d rel-to-SPY % (n tickers with data) ---
         XME    XHB    XSD    XBI   XLC    XLK    KCE    XSW    QQQ    XTN    RWR    KRE    XRT    XLY    XOP    XHE    XLB    KBE    XPH    IWM    SPY  XLRE    XES    XTL    XLI    XLF    HYG    KIE    XHS    XLE    XLV    XAR    GLD    XLP    XLU    BNO    IEF    TLT
rel10  -3.10  -2.27  -2.13  -2.03 -1.77  -1.77  -1.56  -1.42  -0.97  -0.88  -0.81  -0.73  -0.71  -0.65  -0.59  -0.54  -0.23  -0.21  -0.12  -0.00   0.00  0.13   0.28   0.36   0.50   0.54   0.57   0.64   0.94   1.08   1.16   1.26   1.80   1.91   2.34   2.64   3.47   3.79
abs10  -5.14  -3.98  -6.53  -3.26 -3.42  -4.13  -3.75  -4.23  -4.01  -4.06  -4.07  -3.44  -2.65  -3.43  -2.57  -4.11  -3.42  -3.93  -1.21  -2.98  -2.49 -3.92  -2.10  -2.44  -2.67  -2.69  -1.61  -3.07  -0.67  -1.82  -1.78  -0.82  -1.28  -0.54  -0.86   1.02   0.55   1.14
n      14.00  15.00  15.00  15.00  6.00  23.00  15.00  10.00  23.00  10.00  19.00  14.00  14.00  23.00  14.00  10.00  23.00  15.00  14.00  21.00  27.00  7.00  14.00  10.00  23.00  23.00  14.00  15.00  10.00  23.00  23.00  10.00  16.00  23.00  23.00  10.00  17.00  17.00

--- RISK-OFF dim=contains FTQ (yields down) (n=15): median 10d rel-to-SPY % (n tickers with data) ---
         XOP    XME    XES   BNO    KCE    XSD    KRE    XLF    KBE    IWM    XLE    XLB    RWR    XLK    KIE    QQQ   XAR    XHB    XLY   SPY    XPH    XLI   XSW    XRT   XHE   XTN   XTL    HYG    XLV    XBI   XHS    GLD    XLU    XLP   XLC  XLRE    IEF    TLT
rel10  -4.48  -4.38  -3.35 -3.11  -1.47  -1.27  -1.19  -1.10  -1.03  -0.88  -0.57  -0.50  -0.40  -0.28  -0.26  -0.21 -0.14  -0.05  -0.02   0.0   0.26   0.28  0.33   0.36  0.48  0.72  0.96   1.32   1.35   1.48  1.56   1.88   2.35   2.56  2.85  4.09   4.45   5.58
abs10  -6.26  -5.75  -6.41 -5.19  -4.21  -3.83  -3.29  -3.84  -3.32  -3.38  -3.74  -3.34  -2.17  -2.93  -2.49  -2.18 -2.83  -2.72  -2.30  -2.9  -1.72  -2.81 -2.20  -1.73 -0.74 -3.21 -2.02  -1.06  -1.46  -0.84 -0.61  -0.74  -0.50   0.29  0.50  1.74   1.76   3.22
n      12.00  12.00  12.00  7.00  12.00  12.00  12.00  15.00  12.00  13.00  15.00  15.00  13.00  15.00  12.00  15.00  6.00  12.00  15.00  15.0  12.00  15.00  6.00  12.00  7.00  7.00  7.00  12.00  15.00  12.00  6.00  12.00  15.00  15.00  2.00  2.00  13.00  13.00

--- RISK-OFF dim=contains OIL (n=9): median 10d rel-to-SPY % (n tickers with data) ---
        XES   XME   XOP   XSD  KCE   XLE   BNO   QQQ   XLC   IWM   XLK   XSW   XTL   XLB   RWR   XHB   SPY   XRT   XLY   XTN   XLI   XLF   XHE   KIE   XBI   XLV   XHS   GLD   HYG   XAR   XPH   XLU   XLP   KRE   KBE   IEF   TLT  XLRE
rel10 -4.53 -3.68 -2.77 -2.13 -1.8 -1.60 -1.41 -0.97 -0.90 -0.85 -0.80 -0.77 -0.35 -0.23 -0.06 -0.03  0.00  0.39  0.39  0.40  0.44  0.54  0.86  0.97  1.28  1.42  1.49  1.57  1.64  1.87  2.08  2.35  2.56  2.61  3.44  3.47  3.79  4.27
abs10 -5.07 -5.34 -4.91 -3.64 -4.2 -3.61 -3.68 -3.16 -2.75 -3.06 -3.79 -2.48 -1.47 -1.22 -2.17 -0.89 -1.77 -1.08 -2.30 -0.55 -1.37 -3.03 -0.90 -1.72  0.12  0.21 -0.66 -2.56 -0.11 -1.05  0.89  0.64  0.32 -2.62 -2.64  0.32 -0.34 -0.09
n      9.00  9.00  9.00  9.00  9.0  9.00  8.00  9.00  4.00  9.00  9.00  7.00  8.00  9.00  9.00  9.00  9.00  9.00  9.00  8.00  9.00  9.00  8.00  9.00  9.00  9.00  7.00  9.00  9.00  7.00  9.00  9.00  9.00  9.00  9.00  9.00  9.00  5.00

=== LEADING TICKERS: median ROC10 of ticker/SPY ratio measured AT the peak day (relative weakness into the top) ===
      at_peak_med%  base_med%   n  share_neg
IEF          -3.32      -0.67  24       0.64
TLT          -2.68      -0.62  24       0.58
HYG          -2.22      -0.44  21       0.53
BNO          -2.15      -0.19  15       0.33
XLP          -1.79      -0.19  31       0.67
XOP          -1.01      -0.16  21       0.33
XRT          -0.47      -0.06  21       0.31
XES          -0.47      -0.23  21       0.33
XLV          -0.45      -0.07  31       0.53
XLE          -0.43      -0.09  31       0.47
GLD          -0.30      -0.34  23       0.36
XLU          -0.30      -0.04  31       0.53
XHB          -0.29      -0.19  22       0.33
XPH          -0.19      -0.03  21       0.33
KCE          -0.08      -0.07  22       0.31
XTN          -0.06      -0.13  15       0.25
SPY           0.00       0.00  36       0.00
XLRE          0.04      -0.31   9       0.11
RWR           0.08      -0.03  26       0.33
KIE           0.12      -0.08  22       0.31
XAR           0.16       0.15  14       0.17
XLC           0.30       0.01   8       0.11
XLF           0.31      -0.10  31       0.36
XLY           0.36       0.04  31       0.33
XLK           0.37       0.15  31       0.39
XHS           0.37       0.01  14       0.19
KRE           0.45      -0.37  21       0.25
XSD           0.56       0.34  22       0.22
KBE           0.71      -0.35  22       0.25
QQQ           0.72       0.19  31       0.31
IWM           0.76       0.07  28       0.19
XLI           0.78       0.03  31       0.28
XLB           0.88       0.01  31       0.28
XHE           0.88       0.01  15       0.17
XTL           0.93      -0.11  15       0.17
XSW           0.96       0.18  14       0.14
XBI           1.63       0.02  22       0.17
XME           2.00      -0.13  21       0.19

=== LEADING TICKERS at TROUGH: median ROC10 of ticker/SPY ratio at trough day (relative strength into the low) ===
      at_trough_med%   n  share_pos
TLT             8.03  29       0.70
IEF             6.56  29       0.72
GLD             6.14  26       0.62
HYG             3.43  26       0.60
XLP             2.76  36       0.85
XLU             2.38  36       0.65
XHS             1.68  16       0.30
BNO             1.13  19       0.32
XAR             1.11  16       0.22
XPH             1.06  26       0.42
XLV             1.03  36       0.60
XRT             0.65  26       0.35
XBI             0.39  26       0.35
KIE             0.24  26       0.38
XLI             0.08  36       0.45
SPY             0.00  40       0.00
XHE            -0.04  17       0.18
RWR            -0.32  32       0.38
XLK            -0.41  36       0.35
XLB            -0.42  36       0.35
XLC            -0.43  10       0.08
XLRE           -0.58  12       0.10
XTL            -0.73  17       0.20
QQQ            -0.83  36       0.30
XTN            -0.84  17       0.18
IWM            -0.90  33       0.30
XLF            -1.02  36       0.28
XLE            -1.07  36       0.38
XLY            -1.08  36       0.32
XSW            -1.10  16       0.12
KRE            -1.60  26       0.18
KCE            -1.61  26       0.10
XHB            -1.62  26       0.28
KBE            -1.64  26       0.18
XSD            -2.10  26       0.18
XME            -2.78  26       0.20
XOP            -3.69  26       0.15
XES            -4.16  26       0.12
