=== RELATIVE-TO-SPY ROC5 z, median across 36 RISK-OFF PEAKS (negative = losing to SPY) ===
             -10   -9    -8    -7    -6    -5    -4    -3    -2    -1     0     1     2     3     4     5     6     7     8     9     10
BNO (n=14)  0.08  0.23  0.12 -0.05 -0.18 -0.22 -0.27 -0.33 -0.07 -0.42 -0.63 -0.24 -0.36 -0.38  0.02 -0.10 -0.12  0.07  0.19  0.37  0.12
GLD (n=22) -0.12 -0.13 -0.00  0.13  0.10  0.26  0.02 -0.20  0.05 -0.09 -0.33  0.05  0.24  0.13  0.20  0.41  0.43  0.47  0.17  0.41  0.16
HYG (n=19) -0.36 -0.39  0.03 -0.02 -0.23 -0.25  0.01 -0.13 -0.51 -0.31 -0.94 -0.44 -0.41 -0.15  0.21  0.68  0.75  0.57  0.39  0.21 -0.05
IEF (n=23) -0.38 -0.32 -0.09 -0.04 -0.26 -0.36 -0.24 -0.25 -0.63 -0.58 -0.65 -0.44  0.07  0.29  0.40  0.99  0.78  0.41  0.61  0.32  0.31
IWM (n=26)  0.04 -0.03 -0.24 -0.07  0.23  0.21  0.43  0.56  0.34  0.23  0.24 -0.18 -0.16 -0.20 -0.36 -0.05  0.13 -0.27  0.26  0.15  0.02
KBE (n=21) -0.17 -0.18 -0.11 -0.15  0.13 -0.01  0.14  0.54  0.09  0.06  0.12  0.32  0.10  0.00  0.36  0.16  0.07 -0.03 -0.11 -0.12  0.10
KCE (n=21) -0.08  0.30  0.48  0.04 -0.41  0.22 -0.12  0.36 -0.24 -0.11 -0.27  0.03 -0.11 -0.26 -0.35 -0.80 -0.73 -0.35 -0.16 -0.19  0.01
KIE (n=21) -0.36 -0.46 -0.04 -0.26  0.38  0.19  0.29  0.60  0.39  0.14  0.15  0.05 -0.30 -0.15  0.13  0.39  0.47  0.07  0.20  0.11 -0.05
KRE (n=21) -0.32 -0.24 -0.33 -0.24  0.14 -0.04 -0.01  0.34  0.17  0.01 -0.15  0.02  0.01 -0.13  0.29 -0.02  0.04  0.12 -0.09 -0.05 -0.23
QQQ (n=29)  0.28  0.21  0.27  0.13  0.09  0.08 -0.09  0.34  0.15  0.25  0.31  0.16  0.05  0.18 -0.21 -0.40 -0.46 -0.48 -0.55 -0.45 -0.40
RWR (n=24)  0.18 -0.13 -0.01 -0.05 -0.05 -0.27 -0.13  0.00  0.06  0.04  0.10  0.09  0.06 -0.10 -0.14 -0.11  0.02 -0.03  0.10 -0.04  0.05
TLT (n=23) -0.66 -0.24 -0.14  0.06 -0.11 -0.48 -0.22 -0.32 -0.47 -0.40 -0.35 -0.33 -0.06  0.22  0.50  0.73  0.66  0.43  0.57  0.30  0.37
XAR (n=11)  0.16  0.10 -0.13 -0.28 -0.15 -0.26 -0.03  0.03  0.03  0.10  0.13  0.29 -0.02 -0.31 -0.24  0.15 -0.06  0.14  0.23  0.72  0.30
XBI (n=21)  0.08 -0.01 -0.03 -0.05  0.04  0.17  0.54  0.26  0.34  0.28  0.06  0.05 -0.01 -0.10  0.02  0.01  0.20 -0.09  0.05 -0.37 -0.37
XES (n=21)  0.11 -0.25 -0.18 -0.05 -0.26 -0.06 -0.25  0.10  0.07 -0.19 -0.33  0.14 -0.12 -0.27 -0.30 -0.46 -0.25 -0.19 -0.10 -0.20  0.04
XHB (n=21) -0.10 -0.34 -0.11  0.02  0.22  0.16  0.23  0.03  0.08 -0.34 -0.23 -0.47 -0.41 -0.38 -0.33 -0.14 -0.02  0.10  0.24  0.25  0.31
XHE (n=13)  0.23  0.06 -0.12 -0.07 -0.38  0.25  0.73  0.38  0.34  0.12  0.42  0.36  0.39  0.39  0.94  0.88  0.17 -0.48 -0.28 -0.12 -0.03
XHS (n=11) -0.17 -0.07 -0.35 -0.17  0.12  0.25  0.58  0.42  0.30  0.27  0.10  0.02 -0.01 -0.17 -0.02  0.40 -0.04  0.02 -0.06  0.05  0.02
XLB (n=30) -0.14 -0.13 -0.39 -0.30  0.11 -0.08 -0.13  0.11  0.20  0.24  0.49  0.18  0.28 -0.23 -0.34 -0.36 -0.32  0.02  0.23  0.03 -0.14
XLE (n=30) -0.15 -0.17 -0.18  0.02 -0.27 -0.07 -0.03 -0.20 -0.07 -0.26 -0.22 -0.01  0.08 -0.22 -0.15 -0.13 -0.02 -0.08  0.14 -0.05  0.13
XLF (n=30) -0.35 -0.11 -0.08 -0.09  0.13  0.20  0.05  0.24  0.20  0.14  0.10 -0.00 -0.06 -0.17  0.33  0.31  0.11  0.25  0.05 -0.13 -0.13
XLI (n=30) -0.09  0.15  0.12 -0.10  0.04  0.29 -0.10  0.59  0.13  0.01  0.02  0.21  0.25  0.20  0.20  0.23  0.19  0.15  0.31  0.22  0.14
XLK (n=30)  0.37  0.28  0.10 -0.01 -0.03  0.04 -0.07 -0.00 -0.06  0.15  0.12  0.51  0.27 -0.04 -0.13 -0.40 -0.42 -0.23 -0.49 -0.61 -0.24
XLP (n=30) -0.26 -0.23 -0.18 -0.15 -0.09 -0.14 -0.14 -0.21 -0.33 -0.57 -0.55 -0.50  0.05  0.38  0.72  1.02  1.08  0.70  0.37  0.50  0.27
XLRE (n=9) -0.55  0.01 -0.09 -0.34 -0.17 -0.34  0.25  0.56  0.59 -0.06  0.24 -0.13  0.03  0.14 -0.01  0.57  0.44  0.17  0.21  0.99  0.58
XLU (n=30) -0.20 -0.22 -0.31 -0.51 -0.20 -0.09 -0.05 -0.27 -0.09  0.10 -0.03  0.15  0.12  0.32  0.30  0.54  0.64  0.42  0.25  0.34  0.51
XLV (n=30) -0.07 -0.37 -0.33 -0.25 -0.18 -0.23 -0.22  0.04  0.09 -0.14 -0.13 -0.19  0.09  0.35  0.39  0.30  0.32  0.27  0.12  0.32  0.25
XLY (n=30)  0.08  0.34  0.24  0.16  0.09  0.35  0.19  0.11  0.10  0.00  0.06  0.03  0.09  0.07  0.28  0.00  0.36  0.13  0.22  0.12 -0.04
XME (n=21)  0.15  0.10 -0.09 -0.03  0.22  0.30 -0.10  0.20  0.19 -0.07 -0.05  0.01 -0.28 -0.77 -0.55 -0.63 -0.47  0.06  0.47  0.26  0.02
XOP (n=21)  0.13 -0.05  0.08 -0.11 -0.26 -0.10 -0.16 -0.05 -0.28 -0.09 -0.11  0.14 -0.14 -0.36 -0.32 -0.40 -0.41 -0.16  0.02 -0.27 -0.16
XPH (n=21)  0.19  0.01  0.04  0.43  0.48  0.30  0.55 -0.10 -0.10 -0.12 -0.31 -0.12  0.00  0.28  0.27  0.36 -0.16  0.14  0.29 -0.03 -0.35
XRT (n=21) -0.20 -0.27  0.14  0.17  0.37  0.50  0.19  0.05 -0.20 -0.45 -0.41 -0.50 -0.53 -0.28 -0.12 -0.19  0.13  0.02 -0.07  0.08 -0.16
XSD (n=21)  0.37  0.45  0.08  0.09  0.13 -0.17 -0.10  0.12  0.12  0.27  0.54  0.11 -0.20 -0.28 -0.32 -0.38 -0.29  0.03  0.10  0.01 -0.14
XSW (n=11)  0.57  0.50 -0.25  0.10 -0.03  0.06  0.04  0.16  0.44  0.64  0.27 -0.26 -0.10  0.30  0.06 -0.53 -0.71 -0.29 -0.05  0.35  0.36
XTL (n=13) -0.06 -0.12  0.23  0.24 -0.07 -0.31  0.17  0.41  0.21  0.06 -0.08 -0.16 -0.01 -0.15  0.06  0.08 -0.39 -0.24  0.30  0.64  0.49
XTN (n=13)  0.49  0.33  0.23  0.17  0.19 -0.16  0.06 -0.04 -0.16 -0.47 -0.13 -0.08 -0.11 -0.16  0.12 -0.04 -0.13  0.08  0.35  0.51  0.14

--- sorted by value at day -3 (who is already breaking relative before the top) ---
BNO (n=14)   -0.33
TLT (n=23)   -0.32
XLU (n=30)   -0.27
IEF (n=23)   -0.25
XLP (n=30)   -0.21
GLD (n=22)   -0.20
XLE (n=30)   -0.20
HYG (n=19)   -0.13
XPH (n=21)   -0.10
XOP (n=21)   -0.05
XTN (n=13)   -0.04
XLK (n=30)   -0.00
RWR (n=24)    0.00
XHB (n=21)    0.03
XAR (n=11)    0.03
XLV (n=30)    0.04
XRT (n=21)    0.05
XES (n=21)    0.10
XLB (n=30)    0.11
XLY (n=30)    0.11
XSD (n=21)    0.12
XSW (n=11)    0.16
XME (n=21)    0.20
XLF (n=30)    0.24
XBI (n=21)    0.26
QQQ (n=29)    0.34
KRE (n=21)    0.34
KCE (n=21)    0.36
XHE (n=13)    0.38
XTL (n=13)    0.41
XHS (n=11)    0.42
KBE (n=21)    0.54
IWM (n=26)    0.56
XLRE (n=9)    0.56
XLI (n=30)    0.59
KIE (n=21)    0.60

=== RELATIVE ROC5 z around 40 RISK-ON TROUGHS ===
              -10   -9    -8    -7    -6    -5    -4    -3    -2    -1     0     1     2     3     4     5     6     7     8     9     10
BNO (n=17)  -0.05  0.21  0.34  0.38  0.14  0.44  0.40  0.20  0.17 -0.21  0.16 -0.31 -0.67 -0.60 -0.70 -0.73 -0.68 -0.61 -0.39  0.33 -0.04
GLD (n=26)   0.29  0.05  0.30  0.51  0.15  0.45  0.87  0.77  1.04  1.36  1.74  0.63 -0.05 -0.06 -0.48 -1.53 -0.80 -0.72 -0.60 -0.61 -0.63
HYG (n=24)   0.37  0.06  0.84  0.48  0.39  0.53  0.93  0.65  0.65  1.21  1.43  0.64 -0.08 -0.28 -0.96 -1.48 -1.13 -0.27 -0.32 -0.37 -0.17
IEF (n=27)   0.56  0.32  0.53  0.44  0.33  0.43  1.23  0.94  1.01  1.42  1.88  0.91  0.14 -0.29 -1.20 -1.76 -1.31 -0.49 -0.54 -0.40 -0.70
IWM (n=32)  -0.28 -0.25 -0.27 -0.06 -0.01 -0.10 -0.11 -0.12 -0.20 -0.19 -0.64 -0.39 -0.33 -0.05  0.01  0.20  0.27  0.47  0.21  0.24  0.35
KBE (n=26)  -0.09 -0.01  0.09  0.03 -0.27  0.17  0.05 -0.25 -0.40 -0.54 -0.68  0.26  0.19  0.26  0.35  0.32  0.27  0.15  0.21  0.07  0.30
KCE (n=26)  -0.43 -0.70 -0.47 -0.52 -0.51 -0.27 -0.23 -0.43 -0.72 -0.57 -0.65 -0.45  0.08  0.48  0.34  0.38  0.50  0.22 -0.11 -0.04  0.10
KIE (n=26)  -0.01  0.34  0.25  0.08 -0.04  0.23  0.40  0.35  0.47  0.47  0.44  0.13 -0.01  0.20 -0.06  0.08  0.04  0.26 -0.16 -0.28 -0.37
KRE (n=26)  -0.07 -0.12 -0.13 -0.10 -0.14 -0.06 -0.01 -0.13  0.16 -0.13 -0.33  0.34  0.15  0.20  0.35  0.22  0.15  0.38  0.06  0.05  0.22
QQQ (n=34)  -0.03 -0.18 -0.02 -0.20 -0.09 -0.23 -0.14 -0.74 -0.58 -0.55 -0.43 -0.29 -0.02  0.27  0.40  0.39  0.42  0.24  0.63  0.60  0.68
RWR (n=29)   0.10 -0.06  0.06 -0.04  0.00 -0.11  0.10 -0.02 -0.19 -0.01 -0.02  0.23  0.12  0.16 -0.13 -0.25 -0.32 -0.30 -0.32 -0.29  0.22
TLT (n=27)   0.48  0.37  0.27  0.44  0.45  0.35  0.86  1.10  0.89  1.40  1.87  0.79 -0.19 -0.43 -0.98 -1.72 -1.15 -0.24 -0.28 -0.37 -0.58
XAR (n=15)   0.42  0.14  0.20  0.70  0.83  0.61  0.66 -0.14 -0.19  0.33 -0.05 -0.34 -0.41 -0.06 -0.05  0.26  0.63  0.14  0.13  0.23  0.24
XBI (n=26)   0.05  0.05 -0.14  0.25  0.27  0.12  0.21 -0.35 -0.23 -0.15 -0.09 -0.29 -0.16  0.15  0.10  0.13  0.12 -0.20 -0.05 -0.23  0.24
XES (n=26)  -0.23 -0.01  0.12  0.19  0.12 -0.03 -0.29 -0.34 -0.49 -0.34 -0.61 -0.67 -0.63 -0.25 -0.14 -0.06 -0.03 -0.09  0.09  0.10  0.28
XHB (n=26)  -0.12  0.01  0.25  0.26  0.29  0.11  0.10 -0.16 -0.12 -0.10 -0.11 -0.16 -0.22  0.26  0.26  0.74  0.36  0.58  0.20  0.02  0.40
XHE (n=16)  -0.08  0.24  0.10  0.25  0.43  0.17  0.17  0.22 -0.21 -0.07 -0.05 -0.14 -0.39 -0.02  0.04 -0.25  0.19  0.08  0.02  0.02  0.75
XHS (n=15)  -0.61 -0.00 -0.31  0.31  0.08  0.21  0.09  0.39  0.25  0.42  0.26 -0.28 -0.17 -0.45 -0.54 -0.58 -0.40 -0.34 -0.68 -0.30  0.39
XLB (n=35)  -0.22 -0.15 -0.14  0.22 -0.03 -0.05 -0.32 -0.11  0.01 -0.25 -0.37  0.02  0.30  0.21  0.15  0.13 -0.06 -0.10 -0.02 -0.11 -0.33
XLC (n=9)   -0.14  0.10 -0.08 -0.26  0.08  0.04  0.47  0.52  0.02 -0.03  0.21  0.51  0.29  0.21  0.35  0.44 -0.26 -0.15 -0.14  0.07 -0.64
XLE (n=35)   0.03  0.07  0.03  0.33  0.05  0.10  0.12  0.29 -0.41 -0.29 -0.39 -0.36 -0.34 -0.14 -0.44 -0.06 -0.37 -0.42 -0.27 -0.24 -0.15
XLF (n=35)  -0.12  0.18  0.11  0.02 -0.13  0.12  0.07 -0.16 -0.21 -0.40 -0.67  0.12  0.22  0.19  0.46  0.55  0.35  0.35  0.14 -0.19 -0.22
XLI (n=35)  -0.14 -0.06 -0.08  0.18  0.17  0.15  0.26  0.08  0.04 -0.05 -0.12 -0.34 -0.17  0.02 -0.02  0.21  0.33  0.35  0.42  0.18  0.01
XLK (n=35)  -0.06 -0.32 -0.08 -0.09  0.02  0.10 -0.06 -0.31 -0.51 -0.36 -0.49  0.01  0.26  0.31  0.16  0.22  0.26  0.16  0.47  0.67  0.37
XLP (n=35)   0.05  0.04  0.04 -0.08 -0.18  0.38  0.56  0.80  0.57  1.10  1.45  0.59 -0.13 -0.31 -0.70 -1.09 -0.77 -0.48 -0.52 -0.36 -0.39
XLRE (n=11)  0.87  0.35  0.36  0.02 -0.10 -0.64 -0.55  0.28 -0.20  0.31  0.44  0.35 -0.10  0.41 -0.04 -0.36  0.14 -0.24 -0.17 -0.37  0.22
XLU (n=35)   0.37  0.43  0.18  0.37  0.28  0.20  0.39  0.64  0.79  0.90  1.21  0.32 -0.25 -0.41 -0.52 -0.87 -0.70 -0.53 -0.59 -0.39 -0.64
XLV (n=35)  -0.19 -0.05 -0.12  0.11 -0.09  0.09  0.20  0.34  0.32  0.60  0.64  0.25 -0.42 -0.21 -0.66 -0.83 -0.59 -0.34 -0.26 -0.17  0.03
XLY (n=35)   0.06  0.30  0.09 -0.42 -0.33 -0.58 -0.32 -0.61 -0.36 -0.27 -0.20 -0.10  0.25  0.32  0.18  0.07  0.27  0.28  0.53  0.05  0.31
XME (n=26)  -0.22 -0.34 -0.43  0.05 -0.08 -0.24 -0.33 -0.16 -0.56  0.08 -0.33 -0.29 -0.03  0.09 -0.23  0.26 -0.00  0.21  0.11 -0.10  0.02
XOP (n=26)  -0.06 -0.11 -0.06  0.25 -0.01  0.01  0.22 -0.38 -0.44 -0.35 -0.74 -0.55 -0.47 -0.33 -0.24 -0.24 -0.20 -0.22 -0.22 -0.10 -0.10
XPH (n=26)  -0.30 -0.33  0.01  0.24  0.26  0.21  0.09  0.02  0.16  0.04  0.09 -0.11 -0.27 -0.17 -0.19 -0.28 -0.16 -0.12  0.02 -0.06 -0.15
XRT (n=26)   0.13  0.16 -0.17  0.19  0.12 -0.21  0.02 -0.19 -0.08 -0.21  0.18  0.29  0.39  0.10  0.33  0.24  0.15  0.15  0.14  0.14  0.32
XSD (n=26)  -0.18 -0.05 -0.23 -0.46 -0.46 -0.42 -0.24 -0.53 -0.44 -0.34 -0.69 -0.70 -0.03  0.10  0.49  0.41  0.26  0.26  0.54  0.28  0.57
XSW (n=15)  -0.05  0.19  0.17  0.37  0.28  0.21 -0.35 -0.22 -0.48 -0.51 -0.64 -0.11 -0.26 -0.07  0.23 -0.09 -0.13  0.21  0.19  0.30  0.66
XTL (n=16)   0.01 -0.10 -0.27 -0.32  0.01  0.44 -0.05 -0.15 -0.14  0.29 -0.30  0.05 -0.16  0.15  0.14  0.33  0.35  0.90  0.27  0.23  0.66
XTN (n=16)  -0.59 -0.13  0.10  0.19 -0.12  0.30  0.29  0.07 -0.47  0.07 -0.56 -0.42 -0.41 -0.15 -0.43 -0.46 -0.46  0.17  0.29  0.19  0.42

--- sorted by value at day +3 (who leads the first bounce) ---
KCE (n=26)     0.48
XLRE (n=11)    0.41
XLY (n=35)     0.32
XLK (n=35)     0.31
QQQ (n=34)     0.27
KBE (n=26)     0.26
XHB (n=26)     0.26
XLC (n=9)      0.21
XLB (n=35)     0.21
KRE (n=26)     0.20
KIE (n=26)     0.20
XLF (n=35)     0.19
RWR (n=29)     0.16
XTL (n=16)     0.15
XBI (n=26)     0.15
XRT (n=26)     0.10
XSD (n=26)     0.10
XME (n=26)     0.09
XLI (n=35)     0.02
XHE (n=16)    -0.02
IWM (n=32)    -0.05
GLD (n=26)    -0.06
XAR (n=15)    -0.06
XSW (n=15)    -0.07
XLE (n=35)    -0.14
XTN (n=16)    -0.15
XPH (n=26)    -0.17
XLV (n=35)    -0.21
XES (n=26)    -0.25
HYG (n=24)    -0.28
IEF (n=27)    -0.29
XLP (n=35)    -0.31
XOP (n=26)    -0.33
XLU (n=35)    -0.41
TLT (n=27)    -0.43
XHS (n=15)    -0.45
BNO (n=17)    -0.60

=== Ticker relative ROC z as SPY drawdown predictor (P(5% DD/21d) in bottom vs top quintile; base 0.174) top 25 by gap ===
    ticker   n   obs    AUC         sign  P_off_bottomQ  P_off_topQ  spy_fwd21_bottomQ  spy_fwd21_topQ    gap
80     XLU  21  6550  0.590  strong->off          0.119       0.269              1.274           0.602  0.150
17     KBE  21  4815  0.563    weak->off          0.244       0.119              0.463           0.908  0.125
59     XLC  21  1647  0.564  strong->off          0.103       0.218              1.563           0.898  0.115
79     XLU  10  6561  0.572  strong->off          0.139       0.246              0.898           0.947  0.108
4      GLD  10  5076  0.578  strong->off          0.122       0.230              1.168           0.901  0.108
97     XRT  10  4676  0.565    weak->off          0.238       0.132              0.628           1.279  0.107
16     KBE  10  4826  0.552    weak->off          0.241       0.135              0.804           0.820  0.106
26     KRE  21  4665  0.554    weak->off          0.252       0.149              0.512           0.702  0.103
78     XLU   5  6566  0.557  strong->off          0.153       0.247              0.866           0.883  0.094
5      GLD  21  5065  0.576  strong->off          0.118       0.211              1.182           1.181  0.093
25     KRE  10  4676  0.552    weak->off          0.230       0.140              0.842           0.936  0.090
96     XRT   5  4681  0.559    weak->off          0.241       0.153              0.708           1.023  0.088
3      GLD   5  5081  0.562  strong->off          0.133       0.220              1.030           0.985  0.088
98     XRT  21  4665  0.543    weak->off          0.227       0.146              0.632           0.744  0.081
20     KCE  21  4815  0.552    weak->off          0.231       0.151              0.842           0.936  0.080
8      HYG  21  4465  0.553  strong->off          0.165       0.243              0.440           1.437  0.078
58     XLC  10  1658  0.556  strong->off          0.130       0.208              1.621           0.682  0.078
83     XLV  21  6550  0.548  strong->off          0.165       0.243              0.920           0.305  0.078
46     XHB  10  4771  0.556    weak->off          0.222       0.150              0.731           0.849  0.072
74     XLP  21  6550  0.540  strong->off          0.182       0.252              0.440           0.751  0.069
47     XHB  21  4760  0.544    weak->off          0.243       0.178              0.642           0.426  0.065
57     XLC   5  1663  0.555  strong->off          0.150       0.213              1.538           0.780  0.063
7      HYG  10  4476  0.546  strong->off          0.167       0.230              0.614           1.495  0.063
100    XSD  10  4771  0.548    weak->off          0.214       0.151              0.872           0.958  0.063
73     XLP  10  6561  0.530  strong->off          0.169       0.230              0.512           0.754  0.061

=== TICKER x INDEX ROC: median 10d fwd return RELATIVE to SPY (%) when index 5d ROC z > 1 ("up") or < -1 ("down") ===
       VIX       VVIX/VIX        VVIX        MOVE         TNX         TYX         GVZ         OVX       VIX9D/VIX       VIX/VIX3M       VXN/VIX        SKEW       VIX1D      
        up  down       up  down    up  down    up  down    up  down    up  down    up  down    up  down        up  down        up  down      up  down    up  down    up  down
BNO  -0.64 -0.70    -0.86 -0.66 -0.82 -0.31 -0.64  0.15 -0.12 -0.56 -0.06 -0.40 -0.57  0.54 -0.64  0.32     -0.30 -0.30     -0.78 -0.68   -0.63  0.11 -0.17  0.58 -0.89 -1.38
GLD  -0.62 -0.27    -0.65 -0.34 -0.53 -0.93 -0.23 -0.39 -0.23 -0.44 -0.13 -0.43 -0.71 -0.54 -0.45 -0.55     -0.77 -0.45     -0.32 -0.44   -0.42 -0.56 -0.53 -0.15  0.81  0.69
HYG  -0.71 -0.37    -0.26 -0.61 -0.52 -0.31 -0.64 -0.44 -0.42 -0.66 -0.36 -0.50 -0.61 -0.42 -0.56 -0.33     -0.63 -0.48     -0.71 -0.34   -0.48 -0.54 -0.46 -0.50 -0.93 -0.67
IEF  -0.84 -0.66    -0.59 -0.84 -0.91 -0.84 -0.93 -0.57 -0.55 -0.92 -0.49 -0.97 -1.02 -0.76 -0.99 -0.61     -0.77 -0.79     -0.93 -0.56   -0.61 -0.88 -0.81 -0.63 -1.11 -0.95
IWM  -0.09  0.17     0.02 -0.14  0.07  0.02 -0.03 -0.10  0.29  0.02  0.19  0.04 -0.20  0.30 -0.09 -0.08     -0.04 -0.00     -0.08  0.01    0.01  0.15 -0.03  0.03  0.02  0.16
KBE  -0.46 -0.27    -0.34 -0.35 -0.50 -0.09 -0.54 -0.27 -0.11 -0.56 -0.04 -0.58 -0.28 -0.15 -0.50 -0.08     -0.19 -0.16     -0.31 -0.28   -0.32 -0.24 -0.33 -0.36  0.02 -0.64
KCE  -0.32  0.06     0.12 -0.49 -0.29  0.12 -0.02 -0.20  0.18 -0.26 -0.01 -0.27 -0.37  0.01 -0.19 -0.16     -0.14  0.39     -0.28  0.00    0.03  0.01 -0.18  0.07 -0.38  0.46
KIE  -0.36  0.04    -0.03 -0.13 -0.23  0.07 -0.31 -0.10 -0.06 -0.27 -0.10 -0.26 -0.17 -0.02 -0.26  0.09     -0.10  0.05     -0.21  0.09   -0.08 -0.14 -0.24 -0.15 -0.61 -0.58
KRE  -0.53 -0.37    -0.30 -0.36 -0.53 -0.15 -0.36 -0.28 -0.15 -0.48 -0.15 -0.57 -0.36 -0.05 -0.46 -0.14     -0.06 -0.12     -0.37 -0.18   -0.27 -0.15 -0.62 -0.39  0.20 -0.70
QQQ   0.03  0.09     0.31  0.10  0.26  0.04  0.22  0.14  0.16  0.34  0.16  0.37  0.22  0.18  0.14  0.14      0.10  0.10      0.12  0.30    0.19  0.15  0.25  0.06  0.44  0.22
RWR  -0.06  0.12     0.18 -0.24 -0.12 -0.13 -0.25 -0.11  0.07  0.06  0.01 -0.01 -0.15  0.09 -0.10 -0.10     -0.03 -0.09     -0.29  0.10    0.14 -0.01 -0.03  0.20 -0.41 -0.21
TLT  -0.81 -0.62    -0.51 -0.88 -0.88 -0.92 -0.90 -0.70 -0.34 -0.84 -0.19 -0.95 -0.99 -0.85 -1.02 -0.79     -0.87 -0.78     -0.98 -0.62   -0.51 -0.83 -0.80 -0.51 -0.90 -1.25
XAR   0.39  0.47     0.21  0.23  0.32  0.46  0.31 -0.01  0.41 -0.00  0.47 -0.00  0.14  0.45  0.16  0.13      0.06  0.47      0.31  0.33    0.16  0.28 -0.21  0.32  0.47  0.62
XBI   0.41 -0.04     0.11  0.19  0.59 -0.34  0.30 -0.44  0.31  0.21  0.31  0.03 -0.07  0.45 -0.00 -0.16      0.04 -0.34      0.42  0.35    0.01  0.34 -0.19 -0.46  0.63 -0.05
XES  -0.64 -0.25    -1.03 -0.72 -0.83 -0.12 -0.78 -0.14 -0.24 -0.88 -0.21 -0.60 -0.85  0.06 -1.16 -0.22     -0.34 -0.53     -1.08 -0.75   -0.41 -0.33 -0.21  0.04  0.00  0.90
XHB  -0.14 -0.41    -0.16  0.25 -0.10  0.08  0.02 -0.59 -0.34 -0.03 -0.53  0.18 -0.18  0.33  0.02 -0.33      0.23 -0.22      0.05 -0.08   -0.06 -0.19 -0.82  0.26 -1.16 -0.57
XHE  -0.41  0.19     0.36 -0.29 -0.19  0.17 -0.16  0.34  0.04  0.08  0.19 -0.03 -0.31  0.31 -0.35  0.12     -0.15  0.19     -0.38  0.25    0.05  0.07  0.08 -0.48 -0.94 -0.77
XHS  -0.15  0.23     0.19 -0.14 -0.10 -0.03 -0.02 -0.17 -0.16  0.01 -0.20  0.12 -0.15  0.35 -0.39 -0.17     -0.19  0.08     -0.18  0.22   -0.03  0.07 -0.17 -0.17 -0.08 -0.47
XLB   0.02  0.10    -0.14 -0.03 -0.10 -0.10  0.19 -0.11  0.12 -0.03  0.07 -0.01 -0.10 -0.02 -0.15 -0.20     -0.19 -0.13     -0.11 -0.15    0.01 -0.08 -0.07  0.09 -0.33 -0.33
XLC  -0.38 -0.14    -0.16  0.03 -0.36  0.37 -0.33  0.06 -0.12  0.17 -0.03  0.05  0.03 -0.13 -0.45 -0.05      0.01  0.15     -0.11 -0.13    0.05  0.11  0.17 -0.24 -0.29 -0.13
XLE  -0.17  0.08    -0.54 -0.26 -0.54 -0.18 -0.29  0.18 -0.03 -0.14 -0.07 -0.06 -0.57 -0.09 -0.51 -0.29     -0.20 -0.36     -0.48 -0.47   -0.18 -0.07 -0.13  0.17 -0.95  0.17
XLF  -0.03 -0.11    -0.25 -0.06 -0.07 -0.00 -0.20 -0.28  0.04 -0.18  0.04 -0.22 -0.05 -0.26 -0.07 -0.17      0.13  0.02      0.05 -0.24   -0.03 -0.14 -0.16 -0.15 -0.29 -0.26
XLI  -0.03 -0.01    -0.05 -0.02 -0.07  0.09  0.08  0.04  0.08 -0.07  0.06 -0.03 -0.03 -0.07 -0.05 -0.03     -0.00  0.07     -0.02 -0.04    0.04 -0.01 -0.03  0.05 -0.03  0.08
XLK   0.01  0.12     0.29  0.15  0.19  0.05  0.20  0.10  0.07  0.27  0.08  0.28  0.18  0.10  0.22  0.15      0.14  0.02      0.11  0.13    0.10  0.19  0.24  0.15  0.50  0.33
XLP  -0.17  0.04     0.04 -0.51 -0.22 -0.15 -0.35  0.03 -0.17 -0.23 -0.14 -0.21 -0.22 -0.28 -0.23 -0.09     -0.47 -0.18     -0.41  0.05   -0.21 -0.31 -0.41 -0.22 -1.13 -0.98
XLRE -0.52 -0.17     0.04 -0.23 -0.52 -0.25 -0.36 -0.38 -0.03 -0.24 -0.08 -0.21 -0.18  0.15 -0.32 -0.09     -0.14 -0.09     -0.37  0.01   -0.22 -0.46 -0.59  0.17 -0.63 -0.47
XLU   0.13  0.17    -0.09  0.01 -0.13 -0.07 -0.01  0.37 -0.01  0.01 -0.06  0.08 -0.36  0.10  0.30 -0.01     -0.42 -0.14      0.06  0.01    0.12 -0.08 -0.23  0.05  0.20  0.12
XLV   0.04 -0.00     0.20 -0.05  0.13 -0.26 -0.17 -0.24 -0.12 -0.06  0.01 -0.18 -0.04 -0.01  0.13 -0.13      0.04  0.06      0.06  0.15   -0.08 -0.11 -0.21 -0.12 -0.66 -0.84
XLY   0.07  0.04     0.09  0.15  0.04  0.26 -0.00  0.03  0.01  0.14 -0.00  0.10  0.19  0.03  0.08  0.08      0.09  0.05      0.06  0.25   -0.01 -0.04  0.03  0.08 -0.31 -0.35
XME  -0.07 -0.00    -0.24  0.02  0.05  0.23  0.60 -0.38 -0.17 -0.22 -0.18 -0.28 -0.55 -0.25 -0.57 -0.26     -0.70  0.17      0.04 -0.25   -0.07  0.22 -0.10  0.36  0.84  0.84
XOP  -0.12  0.10    -0.40 -0.38 -0.44  0.17 -0.27 -0.04  0.19 -0.60 -0.13 -0.30 -0.77  0.27 -0.49 -0.49     -0.36 -0.56     -0.46 -0.27   -0.16  0.06 -0.26  0.18 -0.93 -0.51
XPH   0.16  0.15    -0.03  0.07  0.23 -0.18 -0.10 -0.33  0.02 -0.06  0.13 -0.06  0.07  0.02 -0.08 -0.16     -0.05 -0.03      0.10  0.37    0.07  0.15 -0.19  0.07 -0.06 -0.11
XRT  -0.28  0.29     0.25 -0.38 -0.08  0.23 -0.13 -0.05 -0.03  0.01 -0.09  0.02 -0.10  0.08 -0.07  0.11     -0.12 -0.09     -0.36  0.25    0.02 -0.10 -0.14  0.23 -0.20 -0.08
XSD   0.02  0.17     0.62  0.42  0.45  0.28  0.51  0.34  0.20  0.31  0.20  0.37  0.20  0.49  0.21  0.60      0.38  0.63      0.31  0.37    0.35  0.19  0.49  0.43  1.02  1.46
XSW   0.16  0.51     0.27  0.07  0.20  0.44  0.10  0.09  0.32  0.07  0.29  0.15  0.03  0.27  0.09  0.43      0.03  0.44      0.13  0.46    0.32  0.20  0.09  0.27 -0.91  0.01
XTL  -0.22  0.02     0.08 -0.18 -0.11 -0.16  0.23 -0.10  0.00 -0.26 -0.01 -0.26 -0.21  0.10 -0.29 -0.10     -0.42 -0.01     -0.15 -0.01   -0.03 -0.08 -0.24 -0.23  2.09  0.73
XTN  -0.33  0.35     0.21 -0.22 -0.32  0.54 -0.04  0.02 -0.12 -0.16 -0.18 -0.18 -0.33  0.24 -0.18  0.09     -0.20  0.30     -0.28  0.31    0.44 -0.32 -0.13  0.04 -0.24  0.01

=== ROC BETA: % change in ticker/SPY ratio per 1.00 (100%) dlog move in index (per 1 pct-pt for TNX/TYX); all days vs stress ===
        all                                                    stress                                                       
        VIX   VVIX  MOVE   GVZ   OVX  SKEW VIX9D    TNX    TYX    VIX   VVIX   MOVE    GVZ    OVX   SKEW VIX9D    TNX    TYX
BNO    6.20   7.43  4.99  2.49 -2.69 -2.85  2.46   3.86   4.41   7.93   9.05   8.51   5.93   0.13  -3.44  2.99   2.67   2.82
GLD   12.47  12.29  3.81  7.09  6.39 -8.65  4.85  -8.16  -8.52  16.51  15.09   9.62  14.40   9.67 -14.18  6.73 -11.40 -13.13
HYG    9.25   8.45  2.91  3.63  3.91 -5.56  3.47  -4.43  -4.84  11.43   9.59   5.80   6.30   5.29  -8.57  4.38  -7.43  -8.24
IEF   14.42  14.66  3.90  7.54  8.13 -8.75  5.75 -11.83 -12.91  18.93  17.22  11.89  13.87  11.39 -15.08  7.36 -17.08 -18.96
IWM   -2.13  -2.34 -0.79 -0.86 -1.73  0.79 -1.01   0.86   1.04  -1.52  -1.34  -0.75   0.09  -1.77   0.84 -0.63   1.06   1.31
KBE   -3.73  -3.29 -1.65 -2.89 -2.31  2.19 -0.81   5.13   5.70  -3.32  -2.64  -3.39  -2.68  -1.96   5.01 -0.64   6.70   7.56
KCE   -4.44  -3.87 -1.91 -2.86 -2.81  2.37 -1.24   3.59   4.05  -5.08  -4.05  -3.83  -3.37  -3.35   5.20 -1.38   5.73   6.39
KIE   -0.21   0.16  0.39 -0.95 -0.22  0.72  0.67   2.07   2.37  -0.11   0.59   0.00  -0.28  -0.28   3.22  0.85   2.27   2.77
KRE   -2.90  -2.40 -0.76 -1.61 -1.66  2.01 -0.87   4.54   5.04  -2.18  -1.17  -1.89  -0.29  -1.07   4.34 -0.61   3.92   4.57
QQQ   -2.68  -1.64 -0.76 -0.56 -0.44  1.75 -0.91   0.81   0.46  -2.27  -1.56  -0.58  -0.58  -0.63   2.03 -1.02   1.64   0.60
RWR    1.52   1.55  0.40  0.47  1.11  0.02  1.52  -2.17  -2.11   1.65   2.22   1.39   2.28   0.99  -0.01  1.83  -1.45  -1.05
TLT   15.91  16.26  2.75  8.60  9.45 -9.27  6.37 -18.19 -21.60  21.05  19.32  12.98  16.08  13.27 -16.19  8.28 -23.73 -28.28
XAR    0.21   0.02 -0.01  0.66  0.05 -0.54 -0.02  -0.04   0.11   0.54   0.23   0.06   1.39   0.03   0.43  0.08  -0.75  -0.70
XBI   -2.46  -3.28 -1.53 -1.22 -1.28 -0.98 -1.80  -1.28  -1.18  -1.64  -2.52  -1.34  -2.00  -2.18  -6.09 -1.54  -1.72  -1.40
XES   -5.48  -4.92 -1.16 -2.66 -7.90  1.69 -2.22   7.00   8.55  -6.25  -5.12  -3.85  -4.09  -8.41   7.72 -2.46   8.22  10.19
XHB   -3.15  -2.71 -2.50 -1.43 -1.80  2.23 -0.86  -1.03  -0.78  -1.88  -1.18  -1.45  -0.33  -1.45   2.82 -0.22  -0.38  -0.05
XHE    0.76   0.81 -0.48  0.32  0.18 -0.06  0.22  -1.45  -1.52   1.66   1.91  -0.57   0.51  -0.09  -1.23  0.65  -1.50  -1.69
XHS    2.01   1.84  0.25  0.73  0.88 -0.51  0.78  -0.67  -0.76   3.44   3.38   0.72   1.82   1.64  -3.32  1.38  -1.64  -1.70
XLB   -0.09  -0.61 -0.16 -0.32 -1.15 -0.48 -0.15   0.76   1.02  -0.13  -0.14   0.24  -0.05  -0.68   0.32  0.03   1.21   1.82
XLC    0.27   0.36 -0.57  0.15  0.36  0.58  0.16  -0.65  -0.55   0.57   0.85   0.23   0.41   0.70  -1.55  0.30  -0.96  -0.83
XLE    0.55   0.15  1.31 -0.12 -2.61 -0.56  0.26   2.53   3.20  -0.64  -0.51   0.24   0.06  -2.56   1.32  0.14   2.91   3.80
XLF   -2.28  -2.11 -0.72 -2.00 -1.18  1.16 -0.26   2.61   2.83  -2.78  -2.17  -2.59  -2.49  -1.06   3.07 -0.38   4.49   4.94
XLI    0.16   0.02  0.38 -0.15 -0.15 -0.20 -0.05   0.87   0.87   0.44   0.65   0.92   0.15   0.09   0.39  0.05   0.25   0.25
XLK   -2.49  -1.86 -0.85 -0.64 -0.58  1.70 -1.14   1.00   0.62  -2.56  -2.08  -1.25  -0.93  -0.79   2.51 -1.44   1.60   0.49
XLP    6.20   6.20  2.64  3.33  3.67 -4.00  2.57  -3.17  -3.27   8.11   7.08   5.57   5.84   5.03  -7.54  3.17  -6.27  -6.12
XLRE   4.69   4.59  1.93  2.10  2.54 -0.41  2.05  -4.71  -4.97   6.22   6.03   3.48   3.66   3.02   0.19  2.55  -5.14  -5.47
XLU    6.10   6.52  1.75  3.30  3.84 -3.70  2.92  -4.31  -4.51   7.13   7.04   3.65   5.22   4.27  -5.34  3.59  -6.06  -6.25
XLV    3.28   3.42  1.64  1.72  2.43 -2.35  1.26  -1.83  -2.04   4.18   4.08   3.13   2.57   2.99  -5.10  1.59  -3.56  -3.85
XLY   -0.71  -1.10 -0.65 -0.18 -0.38 -0.22 -0.51  -0.11  -0.25  -0.33  -0.62  -0.33   0.46  -0.20  -0.81 -0.42  -0.46  -0.74
XME   -5.91  -5.41 -2.19 -1.61 -4.64  0.57 -1.82   3.40   4.71  -6.12  -4.62  -2.51  -2.11  -4.30   3.05 -1.31   6.85   8.62
XOP   -3.87  -3.30  0.81 -2.28 -6.41  1.54 -1.50   6.54   8.10  -4.81  -3.34  -1.48  -3.17  -6.91   4.56 -1.65   7.96  10.11
XPH    1.93   1.03  0.28  0.51  0.60 -1.50  0.15  -1.41  -1.55   3.01   1.90   0.50   0.77   0.91  -6.03  0.47  -2.81  -2.89
XRT   -0.56  -0.38  0.10  0.51 -0.77 -0.35 -0.10   0.32   0.41   0.43   0.64   0.78   2.53  -0.21  -0.94  0.34  -0.29  -0.20
XSD   -6.20  -6.73 -2.72 -2.98 -3.56  2.38 -3.43   1.69   1.86  -5.31  -5.94  -3.72  -3.14  -4.51   2.76 -3.54   3.12   3.21
XSW   -1.76  -1.94 -1.91 -0.53 -0.97  0.11 -0.84  -0.73  -0.88  -1.50  -1.88  -2.59  -0.72  -1.22  -0.41 -0.65   0.35   0.30
XTL   -0.65  -0.70 -1.82 -0.39 -0.71 -0.70 -0.36  -0.07   0.07  -0.99  -0.79  -5.08  -1.58  -1.51  -0.43 -0.54   1.14   1.77
XTN   -1.83  -1.92 -1.53 -1.06 -1.70  1.05 -0.77   1.06   1.30  -2.14  -1.92  -2.24  -1.47  -2.57   3.41 -0.78   2.38   3.03

### KRE rel ROC5 z (rows) x MOVE ROC5 z (cols): median 10d fwd rel return % | P(SPY 5% DD)
      fwd10 rel %                   P(SPY DD)                  
B             <-1 -1..0  0..1    >1       <-1 -1..0  0..1    >1
A                                                              
<-1         -0.27 -0.35  0.17 -0.80      0.33  0.25  0.21  0.27
-1..0       -0.07 -0.14 -0.13 -0.56      0.17  0.17  0.18  0.22
0..1        -0.17 -0.52 -0.63  0.06      0.18  0.22  0.14  0.17
>1          -0.76 -0.57 -0.43  0.62      0.16  0.20  0.18  0.19

### KRE rel ROC5 z (rows) x TNX chg5 z (cols): median 10d fwd rel return % | P(SPY 5% DD)
      fwd10 rel %                   P(SPY DD)                  
B             <-1 -1..0  0..1    >1       <-1 -1..0  0..1    >1
A                                                              
<-1         -0.83 -0.13  0.14 -0.05      0.19  0.17  0.31  0.54
-1..0       -0.19 -0.15 -0.07  0.01      0.16  0.17  0.17  0.25
0..1        -0.78 -0.59 -0.04 -0.45      0.29  0.18  0.13  0.20
>1           0.21 -0.62 -0.52  0.15      0.17  0.20  0.18  0.16

### XHB rel ROC5 z (rows) x TNX chg5 z (cols): median 10d fwd rel return % | P(SPY 5% DD)
      fwd10 rel %                   P(SPY DD)                  
B             <-1 -1..0  0..1    >1       <-1 -1..0  0..1    >1
A                                                              
<-1          0.24  0.07 -0.12 -0.16      0.25  0.20  0.23  0.20
-1..0       -0.24  0.01 -0.45 -0.56      0.25  0.17  0.17  0.29
0..1         0.37 -0.20 -0.19 -0.06      0.17  0.16  0.14  0.17
>1          -0.01 -0.19 -0.89 -0.59      0.12  0.20  0.15  0.19

### XLU rel ROC5 z (rows) x TNX chg5 z (cols): median 10d fwd rel return % | P(SPY 5% DD)
      fwd10 rel %                   P(SPY DD)                  
B             <-1 -1..0  0..1    >1       <-1 -1..0  0..1    >1
A                                                              
<-1         -0.14 -0.27  0.01 -0.05      0.11  0.19  0.17  0.10
-1..0        0.00  0.03 -0.02  0.06      0.23  0.18  0.15  0.18
0..1         0.09  0.02  0.08 -0.01      0.20  0.19  0.19  0.27
>1           0.29  0.13 -0.69  0.12      0.22  0.24  0.27  0.43

### TLT rel ROC5 z (rows) x MOVE ROC5 z (cols): median 10d fwd rel return % | P(SPY 5% DD)
      fwd10 rel %                   P(SPY DD)                  
B             <-1 -1..0  0..1    >1       <-1 -1..0  0..1    >1
A                                                              
<-1         -0.37 -0.47 -0.39 -0.71      0.19  0.22  0.16  0.16
-1..0       -0.87 -0.43 -0.20 -1.03      0.12  0.17  0.13  0.16
0..1        -0.53 -0.58 -0.64 -0.64      0.17  0.16  0.13  0.16
>1          -1.74 -1.22 -1.38 -1.29      0.29  0.24  0.21  0.21

### TLT rel ROC5 z (rows) x VIX ROC5 z (cols): median 10d fwd rel return % | P(SPY 5% DD)
      fwd10 rel %                   P(SPY DD)                  
B             <-1 -1..0  0..1    >1       <-1 -1..0  0..1    >1
A                                                              
<-1         -0.64 -0.49 -0.17 -0.84      0.15  0.20  0.21  0.17
-1..0       -0.58 -0.32 -0.67 -0.35      0.11  0.16  0.12  0.18
0..1        -1.39 -0.43 -0.72 -0.98      0.16  0.14  0.14  0.17
>1          -3.43 -2.17 -1.56 -0.91      0.43  0.18  0.22  0.21

### HYG rel ROC5 z (rows) x VIX ROC5 z (cols): median 10d fwd rel return % | P(SPY 5% DD)
      fwd10 rel %                   P(SPY DD)                  
B             <-1 -1..0  0..1    >1       <-1 -1..0  0..1    >1
A                                                              
<-1         -0.30 -0.47 -0.74 -0.88      0.19  0.18  0.29  0.69
-1..0       -0.42 -0.25 -0.48 -0.33      0.12  0.16  0.14  0.19
0..1        -0.94 -0.25 -0.54 -0.63      0.16  0.17  0.15  0.18
>1           1.07 -0.58 -0.53 -0.92      0.67  0.36  0.28  0.24

### HYG rel ROC5 z (rows) x VVIX/VIX ROC5 z (cols): median 10d fwd rel return % | P(SPY 5% DD)
      fwd10 rel %                   P(SPY DD)                  
B             <-1 -1..0  0..1    >1       <-1 -1..0  0..1    >1
A                                                              
<-1         -1.48  0.02 -0.55 -0.16      0.34  0.24  0.19  0.19
-1..0       -0.40 -0.32 -0.40 -0.22      0.11  0.15  0.16  0.14
0..1        -0.43 -0.58 -0.46 -0.71      0.20  0.14  0.17  0.14
>1          -0.69 -0.69 -0.98 -0.58      0.26  0.26  0.26  0.56

### XOP rel ROC5 z (rows) x OVX ROC5 z (cols): median 10d fwd rel return % | P(SPY 5% DD)
      fwd10 rel %                   P(SPY DD)                  
B             <-1 -1..0  0..1    >1       <-1 -1..0  0..1    >1
A                                                              
<-1          0.15  0.05 -0.62 -0.52      0.16  0.17  0.18  0.19
-1..0       -0.12 -0.16 -0.43 -0.73      0.21  0.14  0.15  0.17
0..1        -0.84 -0.26 -0.19  0.03      0.21  0.17  0.18  0.30
>1          -0.63 -0.44  0.95 -1.04      0.21  0.21  0.20  0.16

### XES rel ROC5 z (rows) x OVX ROC5 z (cols): median 10d fwd rel return % | P(SPY 5% DD)
      fwd10 rel %                   P(SPY DD)                  
B             <-1 -1..0  0..1    >1       <-1 -1..0  0..1    >1
A                                                              
<-1          1.17 -0.58 -0.94 -1.24      0.23  0.15  0.17  0.17
-1..0       -0.44 -0.61 -0.28 -1.40      0.17  0.14  0.14  0.24
0..1        -0.37  0.18  0.04 -0.77      0.22  0.19  0.20  0.22
>1           0.23 -0.80 -0.18 -0.95      0.21  0.17  0.19  0.13

### GLD rel ROC5 z (rows) x GVZ ROC5 z (cols): median 10d fwd rel return % | P(SPY 5% DD)
      fwd10 rel %                   P(SPY DD)                  
B             <-1 -1..0  0..1    >1       <-1 -1..0  0..1    >1
A                                                              
<-1         -0.64 -0.50 -0.41 -0.13      0.20  0.14  0.06  0.06
-1..0       -0.99 -0.46 -0.66 -0.83      0.14  0.14  0.12  0.18
0..1         1.01 -0.09 -0.63 -0.92      0.21  0.17  0.15  0.11
>1          -1.21 -1.74 -0.73 -0.72      0.05  0.19  0.20  0.18

### XME rel ROC5 z (rows) x GVZ ROC5 z (cols): median 10d fwd rel return % | P(SPY 5% DD)
      fwd10 rel %                   P(SPY DD)                  
B             <-1 -1..0  0..1    >1       <-1 -1..0  0..1    >1
A                                                              
<-1         -0.51 -0.62 -0.31 -1.40      0.10  0.11  0.14  0.14
-1..0       -0.73 -0.10  0.43 -0.16      0.21  0.15  0.17  0.17
0..1         0.61 -0.20 -0.26 -0.58      0.17  0.16  0.11  0.09
>1          -1.05 -0.60 -0.41  0.08      0.15  0.20  0.13  0.18

### XSD rel ROC5 z (rows) x VXN/VIX ROC5 z (cols): median 10d fwd rel return % | P(SPY 5% DD)
      fwd10 rel %                   P(SPY DD)                  
B             <-1 -1..0  0..1    >1       <-1 -1..0  0..1    >1
A                                                              
<-1          0.02  0.48  0.76  0.87      0.21  0.26  0.23  0.18
-1..0        0.62  0.38  0.07  0.43      0.14  0.21  0.23  0.14
0..1         0.29  0.44  0.26  0.05      0.13  0.16  0.18  0.16
>1          -0.73  0.10  0.93  0.59      0.14  0.17  0.16  0.06

### QQQ rel ROC5 z (rows) x VXN/VIX ROC5 z (cols): median 10d fwd rel return % | P(SPY 5% DD)
      fwd10 rel %                   P(SPY DD)                  
B             <-1 -1..0  0..1    >1       <-1 -1..0  0..1    >1
A                                                              
<-1         -0.03  0.35  0.11  0.25      0.16  0.24  0.18  0.15
-1..0        0.12  0.10  0.07  0.24      0.15  0.17  0.18  0.16
0..1         0.17  0.12  0.20  0.14      0.13  0.17  0.19  0.10
>1           0.25  0.27  0.07  0.05      0.21  0.18  0.17  0.11

### IWM rel ROC5 z (rows) x VIX ROC5 z (cols): median 10d fwd rel return % | P(SPY 5% DD)
      fwd10 rel %                   P(SPY DD)                  
B             <-1 -1..0  0..1    >1       <-1 -1..0  0..1    >1
A                                                              
<-1          0.54  0.19  0.28 -0.21      0.16  0.20  0.20  0.22
-1..0        0.10  0.03 -0.02  0.02      0.17  0.20  0.17  0.20
0..1         0.12  0.15  0.12 -0.02      0.14  0.15  0.15  0.20
>1          -0.19 -0.08 -0.14 -0.16      0.17  0.14  0.19  0.31

### XBI rel ROC5 z (rows) x VIX ROC5 z (cols): median 10d fwd rel return % | P(SPY 5% DD)
      fwd10 rel %                   P(SPY DD)                  
B             <-1 -1..0  0..1    >1       <-1 -1..0  0..1    >1
A                                                              
<-1          0.60 -0.28 -0.48 -0.16      0.20  0.20  0.19  0.26
-1..0        0.81  0.34 -0.18  0.73      0.17  0.18  0.15  0.19
0..1         0.22 -0.15  0.32  0.22      0.16  0.16  0.18  0.21
>1          -1.30 -0.12  0.54  0.27      0.16  0.21  0.19  0.30

### XLP rel ROC5 z (rows) x VIX ROC5 z (cols): median 10d fwd rel return % | P(SPY 5% DD)
      fwd10 rel %                   P(SPY DD)                  
B             <-1 -1..0  0..1    >1       <-1 -1..0  0..1    >1
A                                                              
<-1          0.43  0.09 -0.42  0.97      0.22  0.18  0.16  0.36
-1..0        0.04 -0.10 -0.24 -0.38      0.16  0.18  0.17  0.22
0..1        -0.30 -0.21 -0.26 -0.10      0.18  0.19  0.19  0.22
>1          -0.72 -0.23 -0.34 -0.11      0.21  0.17  0.22  0.23

### XLF rel ROC5 z (rows) x TNX chg5 z (cols): median 10d fwd rel return % | P(SPY 5% DD)
      fwd10 rel %                   P(SPY DD)                  
B             <-1 -1..0  0..1    >1       <-1 -1..0  0..1    >1
A                                                              
<-1         -0.27  0.16 -0.08 -0.09      0.22  0.17  0.22  0.23
-1..0       -0.04 -0.02  0.00 -0.01      0.16  0.18  0.18  0.20
0..1        -0.19 -0.12  0.01  0.05      0.25  0.20  0.19  0.21
>1          -0.18 -0.56 -0.20  0.06      0.22  0.25  0.13  0.17

### XLRE rel ROC5 z (rows) x TNX chg5 z (cols): median 10d fwd rel return % | P(SPY 5% DD)
      fwd10 rel %                   P(SPY DD)                  
B             <-1 -1..0  0..1    >1       <-1 -1..0  0..1    >1
A                                                              
<-1         -0.20  0.15 -0.24  0.26      0.08  0.11  0.17  0.16
-1..0        0.00 -0.03 -0.37 -0.13      0.14  0.14  0.16  0.20
0..1        -0.22 -0.30 -0.75 -0.30      0.07  0.14  0.16  0.27
>1          -0.38 -0.61 -1.34 -0.75      0.19  0.11  0.16  0.39

### XAR rel ROC5 z (rows) x VIX ROC5 z (cols): median 10d fwd rel return % | P(SPY 5% DD)
      fwd10 rel %                   P(SPY DD)                  
B             <-1 -1..0  0..1    >1       <-1 -1..0  0..1    >1
A                                                              
<-1          0.30 -0.32  0.17  0.29      0.16  0.12  0.09  0.16
-1..0        0.61  0.33  0.42  0.22      0.13  0.15  0.13  0.15
0..1         0.47  0.11  0.00  0.44      0.08  0.12  0.16  0.12
>1           0.38  0.00 -0.16  0.74      0.10  0.15  0.17  0.20
