labels on 8480 sessions; base rates (ok21, ex-2020): {'riskoff21': 0.169, 'riskoff63': 0.135, 'riskon21': 0.186, 'volexp21': 0.143, 'epstart21': 0.115}
episodes: 43 realized, 62 implied; median length 29 sessions; median SPY drawdown inside -1.9%
         start        end  sessions     spy_dd   spy_ret      kind
93  2025-01-07 2025-02-11        24  -1.392510  2.794305  realized
94  2025-01-10 2025-01-21         7   0.000000  3.812738   implied
95  2025-02-24 2025-07-10        95 -18.172196  5.274944   implied
96  2025-03-05 2025-06-11        69 -15.774302  3.390733  realized
97  2025-08-01 2025-08-08         6   0.000000  2.456234   implied
98  2025-10-10 2025-10-27        12   0.000000  4.816147   implied
99  2025-11-06 2025-12-03        19  -2.688315  2.005680   implied
100 2026-01-20 2026-01-22         3   0.000000  1.668470   implied
101 2026-02-05 2026-04-30        59  -6.701747  6.152897   implied
102 2026-03-31 2026-04-30        22   0.000000  9.989307  realized
103 2026-06-05 2026-06-15         7  -1.656928  2.315871   implied
104 2026-06-23 2026-07-16        17  -0.627662  2.309608  realized

=== median trailing-rank of key features around 75 vol-episode starts (0.5 = typical) ===
                         -10   -9    -8    -7    -6    -5    -4    -3    -2    -1     0     1     2     3     4     5     6     7     8     9     10
VIX:roc5_rank           0.54  0.54  0.57  0.61  0.54  0.61  0.68  0.74  0.74  0.84  0.95  0.91  0.89  0.87  0.74  0.31  0.29  0.32  0.29  0.20  0.28
VIX:roc21_rank          0.58  0.55  0.63  0.58  0.69  0.67  0.73  0.75  0.80  0.84  0.92  0.91  0.88  0.86  0.87  0.87  0.87  0.86  0.85  0.80  0.80
VVIX/VIX:roc5_rank      0.46  0.49  0.50  0.37  0.48  0.53  0.41  0.34  0.32  0.22  0.09  0.11  0.18  0.21  0.23  0.54  0.61  0.49  0.61  0.74  0.65
VIX/VIX3M:roc5_rank     0.47  0.50  0.56  0.55  0.49  0.61  0.66  0.65  0.76  0.86  0.96  0.91  0.88  0.82  0.72  0.28  0.23  0.20  0.23  0.12  0.28
MOVE:roc5_rank          0.55  0.55  0.52  0.51  0.47  0.50  0.48  0.53  0.65  0.66  0.80  0.83  0.74  0.76  0.73  0.57  0.53  0.48  0.51  0.47  0.45
TNX:roc5_rank           0.55  0.51  0.49  0.52  0.47  0.48  0.50  0.46  0.50  0.46  0.41  0.33  0.29  0.32  0.23  0.38  0.39  0.48  0.48  0.58  0.53
TNX:roc21_rank          0.59  0.55  0.52  0.55  0.50  0.49  0.52  0.47  0.46  0.47  0.41  0.40  0.39  0.44  0.39  0.39  0.32  0.37  0.32  0.32  0.36
SKEW:roc10_rank         0.46  0.48  0.49  0.40  0.42  0.29  0.35  0.36  0.33  0.28  0.30  0.40  0.36  0.41  0.43  0.48  0.49  0.49  0.49  0.51  0.52
SPY:cc5_21_rank         0.68  0.65  0.62  0.63  0.57  0.56  0.63  0.65  0.62  0.65  0.84  0.88  0.87  0.86  0.88  0.68  0.69  0.63  0.60  0.51  0.47
SPY:cc21_63_rank        0.52  0.52  0.49  0.51  0.54  0.55  0.56  0.57  0.56  0.58  0.72  0.75  0.76  0.77  0.80  0.81  0.84  0.84  0.85  0.85  0.85
SPY:pk5_21_rank         0.65  0.64  0.62  0.72  0.67  0.57  0.64  0.70  0.72  0.79  0.88  0.91  0.91  0.91  0.88  0.82  0.78  0.72  0.63  0.58  0.45
SPY:cc21_roc5_rank      0.54  0.59  0.51  0.50  0.54  0.56  0.59  0.65  0.70  0.70  0.90  0.89  0.89  0.89  0.90  0.75  0.78  0.73  0.73  0.69  0.69
SPY:volofvol21_rank     0.50  0.51  0.49  0.49  0.46  0.43  0.50  0.53  0.51  0.55  0.64  0.63  0.64  0.62  0.59  0.62  0.64  0.54  0.54  0.50  0.54
SPY:vol_rank63          0.60  0.57  0.62  0.65  0.65  0.65  0.68  0.67  0.78  0.83  0.94  0.89  0.81  0.81  0.81  0.79  0.79  0.70  0.75  0.68  0.71
SPY:vroc5_rank          0.59  0.53  0.59  0.58  0.60  0.52  0.56  0.57  0.52  0.63  0.78  0.85  0.86  0.86  0.82  0.64  0.53  0.40  0.30  0.26  0.31
SPY:volvol21_rank       0.39  0.38  0.38  0.39  0.40  0.40  0.37  0.40  0.45  0.44  0.45  0.46  0.48  0.55  0.55  0.57  0.61  0.61  0.62  0.61  0.62
SPY:volvol21_roc5_rank  0.54  0.60  0.51  0.55  0.60  0.55  0.54  0.58  0.57  0.51  0.60  0.67  0.68  0.73  0.68  0.59  0.56  0.55  0.56  0.58  0.50
SPY:compress5_63_rank   0.58  0.58  0.61  0.66  0.65  0.61  0.64  0.69  0.69  0.77  0.83  0.87  0.87  0.88  0.87  0.85  0.87  0.87  0.84  0.79  0.69
SPY:amihud21_rank       0.24  0.25  0.24  0.23  0.24  0.22  0.21  0.25  0.29  0.32  0.38  0.37  0.34  0.35  0.41  0.42  0.44  0.44  0.47  0.50  0.51
SPY:VIX/cc21_rank       0.64  0.61  0.64  0.63  0.61  0.61  0.64  0.61  0.60  0.63  0.68  0.60  0.52  0.45  0.46  0.39  0.31  0.24  0.24  0.21  0.21
SPY:VIX_prem_chg5_rank  0.58  0.53  0.56  0.57  0.54  0.59  0.62  0.53  0.57  0.66  0.82  0.61  0.47  0.43  0.29  0.17  0.19  0.16  0.16  0.16  0.27
HYG:rel5_rank           0.57  0.51  0.54  0.52  0.57  0.54  0.66  0.67  0.61  0.73  0.91  0.88  0.87  0.87  0.84  0.55  0.43  0.47  0.38  0.33  0.43
HYG:VIX/cc21_rank       0.70  0.67  0.61  0.67  0.71  0.70  0.64  0.68  0.64  0.69  0.81  0.73  0.70  0.67  0.61  0.56  0.58  0.52  0.53  0.54  0.52
IWM:rel5_rank           0.46  0.46  0.37  0.40  0.49  0.48  0.40  0.44  0.37  0.42  0.39  0.36  0.41  0.52  0.51  0.41  0.45  0.46  0.50  0.56  0.55
XLU:rel5_rank           0.61  0.55  0.66  0.63  0.58  0.62  0.62  0.64  0.75  0.76  0.80  0.81  0.78  0.72  0.72  0.51  0.47  0.62  0.44  0.48  0.54
TLT:rel5_rank           0.59  0.63  0.62  0.55  0.58  0.46  0.61  0.61  0.66  0.68  0.90  0.86  0.85  0.87  0.85  0.51  0.46  0.46  0.39  0.35  0.38
XS:disp1_rank           0.52  0.53  0.52  0.62  0.59  0.55  0.62  0.58  0.69  0.67  0.79  0.63  0.70  0.73  0.71  0.70  0.68  0.73  0.63  0.67  0.67
XS:disp5_rank           0.55  0.54  0.57  0.55  0.61  0.60  0.62  0.62  0.66  0.68  0.78  0.71  0.63  0.75  0.75  0.70  0.67  0.73  0.72  0.65  0.66
XS:avgcorr21_rank       0.29  0.33  0.30  0.32  0.29  0.31  0.31  0.33  0.35  0.38  0.54  0.60  0.60  0.59  0.62  0.59  0.64  0.66  0.64  0.63  0.64
XS:avgcorr21_chg5_rank  0.54  0.63  0.50  0.59  0.55  0.56  0.58  0.58  0.57  0.69  0.84  0.83  0.83  0.85  0.85  0.62  0.66  0.65  0.66  0.60  0.61
XS:rv_breadth_rank      0.63  0.67  0.62  0.62  0.63  0.62  0.65  0.65  0.60  0.63  0.71  0.77  0.80  0.78  0.79  0.85  0.82  0.81  0.86  0.82  0.63
XS:vol_breadth_rank     0.61  0.61  0.57  0.72  0.67  0.57  0.62  0.74  0.69  0.85  0.93  0.84  0.81  0.75  0.78  0.76  0.76  0.69  0.69  0.52  0.59
XS:volvol_median_rank   0.54  0.53  0.54  0.53  0.53  0.49  0.49  0.48  0.40  0.45  0.46  0.43  0.43  0.45  0.45  0.45  0.48  0.44  0.42  0.48  0.44
XS:compress_breadth     0.10  0.10  0.08  0.08  0.08  0.08  0.08  0.05  0.03  0.03  0.03  0.03  0.03  0.03  0.00  0.03  0.03  0.03  0.03  0.03  0.03
XS:breadth_up21         0.55  0.58  0.58  0.58  0.42  0.42  0.37  0.32  0.34  0.32  0.24  0.24  0.24  0.24  0.21  0.26  0.24  0.21  0.24  0.24  0.26
RSP/SPY:roc21_rank      0.43  0.36  0.39  0.41  0.37  0.39  0.39  0.42  0.38  0.33  0.39  0.37  0.37  0.50  0.49  0.50  0.51  0.52  0.51  0.57  0.50
