era A: 5018 sessions, base P(5% DD/21d) 0.194, 8s
era B: 1762 sessions, base P(5% DD/21d) 0.102, 11s
era C: 1532 sessions, base P(5% DD/21d) 0.164, 13s

=== features whose HIGH values precede deeper 21d drawdowns in every era (most negative consistent IC with fwdDD21) ===
                     cons    icA    icB    icC  ptopA  ptopB  ptopC  pbotA  pbotB  pbotC
XLV:rel63          -0.154 -0.157 -0.154 -0.188   0.55   0.25   0.32   0.20   0.03   0.00
KRE:pk21_cc21      -0.142 -0.174 -0.165 -0.142   0.41   0.18   0.17   0.08   0.00   0.09
VIX3M:lvl_rank252  -0.138 -0.196 -0.138 -0.164   0.43   0.19   0.22   0.24   0.01   0.05
XHE:pk21_rank      -0.135 -0.064 -0.191 -0.135   0.18   0.13   0.29   0.00   0.02   0.05
XHE:pk10_rank      -0.135 -0.080 -0.185 -0.135   0.28   0.12   0.25   0.18   0.03   0.07
IWM:amihud21_rank  -0.130 -0.130 -0.145 -0.144   0.42   0.24   0.29   0.13   0.00   0.07
XSW:pk21_cc21      -0.130 -0.042 -0.130 -0.131   0.00   0.17   0.23   0.00   0.02   0.07
VXN:lvl_rank504    -0.129 -0.198 -0.129 -0.129   0.39   0.17   0.27   0.09   0.00   0.07
KBE:pk21_cc21      -0.126 -0.152 -0.133 -0.126   0.40   0.14   0.16   0.19   0.00   0.10
LQD:pk21_rank      -0.125 -0.198 -0.138 -0.125   0.39   0.09   0.34   0.16   0.07   0.06
LQD:pk5_rank       -0.124 -0.228 -0.124 -0.153   0.41   0.12   0.37   0.18   0.04   0.14
VIX6M:lvl_rank252  -0.124 -0.184 -0.124 -0.171   0.57   0.20   0.24   0.28   0.02   0.06
XME:pk21           -0.124 -0.231 -0.124 -0.128   0.61   0.11   0.35   0.19   0.05   0.16
LQD:pk10_rank      -0.124 -0.226 -0.124 -0.154   0.40   0.10   0.32   0.17   0.06   0.11
HYG:pk5_rank       -0.122 -0.228 -0.176 -0.122   0.66   0.19   0.25   0.08   0.06   0.10
HYG:pk10_rank      -0.119 -0.236 -0.161 -0.119   0.73   0.19   0.22   0.03   0.06   0.10
VIX3M:lvl_rank1260 -0.119 -0.140 -0.119 -0.120   0.55   0.21   0.23   0.12   0.03   0.14
XLV:rel63_rank     -0.118 -0.142 -0.118 -0.187   0.37   0.29   0.36   0.20   0.03   0.05
LQD:cc10_rank      -0.113 -0.211 -0.122 -0.113   0.53   0.09   0.34   0.17   0.10   0.10
HYG:range_rank     -0.113 -0.210 -0.148 -0.113   0.54   0.18   0.31   0.14   0.06   0.10
HYG:amihud21_rank  -0.113 -0.197 -0.113 -0.145   0.58   0.19   0.36   0.19   0.05   0.05
XHE:pk5_rank       -0.112 -0.180 -0.138 -0.112   0.16   0.17   0.29   0.11   0.03   0.06
HYG:pk21_rank      -0.111 -0.246 -0.162 -0.111   0.71   0.20   0.22   0.07   0.09   0.07
XME:gk5            -0.109 -0.249 -0.125 -0.109   0.57   0.13   0.20   0.23   0.07   0.08
BNO:pk21_cc21_rank -0.108 -0.177 -0.108 -0.110   0.18   0.18   0.19   0.22   0.10   0.11
HYG:cc5_rank       -0.108 -0.200 -0.149 -0.108   0.61   0.20   0.35   0.14   0.02   0.07
XME:gk10           -0.108 -0.242 -0.108 -0.124   0.63   0.14   0.25   0.20   0.07   0.12
VIX:lvl_rank1260   -0.107 -0.145 -0.107 -0.123   0.30   0.19   0.19   0.08   0.02   0.13
XPH:pk21_cc21      -0.105 -0.136 -0.160 -0.105   0.64   0.13   0.19   0.25   0.04   0.08
LQD:cc5_rank       -0.105 -0.181 -0.116 -0.105   0.46   0.06   0.32   0.15   0.07   0.13
XME:pk10           -0.104 -0.239 -0.125 -0.104   0.62   0.09   0.23   0.20   0.01   0.12
XBI:pk21_rank      -0.104 -0.278 -0.104 -0.121   0.46   0.14   0.27   0.21   0.02   0.14
VIX9D:lvl_rank252  -0.104 -0.160 -0.104 -0.106   0.39   0.16   0.24   0.03   0.03   0.04
XLK:cc63_rank      -0.104 -0.209 -0.104 -0.151   0.47   0.14   0.29   0.08   0.06   0.01
HYG:cc21_126       -0.102 -0.187 -0.123 -0.102   0.65   0.23   0.23   0.06   0.08   0.07
HYG:cc10_rank      -0.101 -0.228 -0.163 -0.101   0.60   0.21   0.36   0.09   0.05   0.14
XME:pk5            -0.099 -0.246 -0.137 -0.099   0.59   0.11   0.18   0.21   0.02   0.10
XLB:pk21_rank      -0.098 -0.098 -0.102 -0.105   0.32   0.17   0.38   0.22   0.07   0.09
LQD:pk5            -0.098 -0.201 -0.098 -0.105   0.43   0.07   0.30   0.13   0.06   0.06
VIX3M:roc42        -0.098 -0.098 -0.115 -0.103   0.50   0.22   0.14   0.32   0.01   0.11
XME:gk21           -0.097 -0.241 -0.097 -0.151   0.62   0.11   0.35   0.17   0.14   0.16
SPY:pk5_rank       -0.097 -0.097 -0.099 -0.113   0.28   0.19   0.31   0.14   0.00   0.09
HYG:cc21_rank      -0.096 -0.251 -0.146 -0.096   0.67   0.19   0.24   0.13   0.06   0.12
MOVE:lvl_rank504   -0.095 -0.262 -0.095 -0.142   0.45   0.04   0.32   0.10   0.03   0.08
VIX6M:roc42        -0.095 -0.133 -0.095 -0.104   0.60   0.21   0.16   0.30   0.01   0.09

=== features whose HIGH values precede shallower drawdowns / safer tape in every era (most positive consistent IC with fwdDD21) ===
                      cons    icA    icB    icC  ptopA  ptopB  ptopC  pbotA  pbotB  pbotC
HYG:signedvol21      0.170  0.170  0.174  0.173   0.08   0.07   0.02   0.32   0.30   0.32
KBE:volofvol21_rank  0.154  0.176  0.154  0.163   0.17   0.03   0.07   0.48   0.12   0.24
HYG:dd252            0.151  0.217  0.225  0.151   0.20   0.06   0.09   0.61   0.15   0.35
MF:HYG:h2_rank       0.148  0.200  0.184  0.148   0.15   0.09   0.09   0.16   0.20   0.16
HYG:roc63            0.137  0.174  0.176  0.137   0.23   0.04   0.09   0.50   0.33   0.44
HYG:dd63             0.136  0.244  0.237  0.136   0.20   0.06   0.12   0.55   0.29   0.41
XTN:roc63_rank       0.136 -0.199  0.177  0.136   0.08   0.02   0.02   0.00   0.20   0.38
HYG:roc21            0.125  0.141  0.184  0.125   0.28   0.02   0.16   0.42   0.26   0.38
HYG:roc10            0.123  0.127  0.198  0.123   0.33   0.04   0.21   0.52   0.19   0.37
HYG:roc63_rank       0.120  0.133  0.178  0.120   0.30   0.07   0.11   0.58   0.40   0.36
XLRE:roc63_rank      0.119    NaN  0.161  0.119    NaN   0.00   0.07    NaN   0.31   0.18
LQD:dd63             0.119  0.119  0.250  0.181   0.16   0.02   0.13   0.27   0.07   0.41
VVIX/VIX3M:roc21     0.117  0.129  0.131  0.117   0.34   0.07   0.25   0.34   0.17   0.33
IWM:roc63_rank       0.113  0.117  0.128  0.113   0.18   0.03   0.02   0.39   0.31   0.42
XHB:roc10            0.111  0.123  0.122  0.111   0.24   0.04   0.11   0.40   0.19   0.24
XTN:volofvol21_rank  0.110  0.325  0.124  0.110   0.00   0.03   0.07   0.47   0.10   0.15
HYG:signedvol5       0.110  0.121  0.110  0.126   0.20   0.06   0.08   0.32   0.19   0.31
XTN:rel63_rank       0.108  0.051  0.251  0.108   0.00   0.00   0.06   0.00   0.24   0.17
VVIX/VIX:lvl_rank    0.107  0.222  0.111  0.107   0.24   0.01   0.05   0.55   0.19   0.38
GVZ/VIX:lvl_rank     0.107  0.124  0.107  0.170   0.03   0.03   0.09   0.08   0.24   0.43
XRT:roc63_rank       0.106  0.106  0.121  0.150   0.26   0.11   0.03   0.55   0.20   0.38
VVIX/VIX:roc21_rank  0.104  0.108  0.104  0.119   0.38   0.07   0.24   0.47   0.18   0.36
KCE:rel63_rank       0.104  0.177  0.104  0.188   0.15   0.00   0.00   0.34   0.15   0.33
XHB:roc10_rank       0.101  0.101  0.122  0.117   0.29   0.06   0.12   0.43   0.21   0.24
VVIX/VIX:roc21       0.100  0.128  0.100  0.114   0.38   0.07   0.25   0.43   0.15   0.35
KCE:rel63            0.100  0.184  0.100  0.160   0.11   0.06   0.01   0.49   0.15   0.31
IEF:dd63             0.100  0.104  0.100  0.155   0.21   0.10   0.16   0.25   0.05   0.44
XTN:roc63            0.097  0.135  0.135  0.097   0.00   0.06   0.03   0.38   0.23   0.35
XLI:relrv21          0.097  0.134  0.097  0.158   0.16   0.14   0.10   0.29   0.26   0.47
XRT:roc10            0.096  0.106  0.096  0.111   0.27   0.06   0.16   0.42   0.19   0.25

=== features whose HIGH values precede bigger 21d rallies in every era (consistent IC with fwdUP21) ===
                     cons    icA    icB    icC  ptopA  ptopB  ptopC  pbotA  pbotB  pbotC
VIX9D:lvl_rank1260  0.339    NaN  0.383  0.339    NaN   0.19   0.20    NaN   0.02   0.12
KIE:gk10            0.305  0.305  0.365  0.339   0.58   0.23   0.21   0.01   0.07   0.08
VIX9D:lvl_rank504   0.303  0.346  0.303  0.335   0.00   0.18   0.29   0.00   0.02   0.12
KIE:gk21            0.302  0.310  0.377  0.302   0.56   0.24   0.27   0.06   0.15   0.09
KIE:pk21            0.301  0.301  0.359  0.322   0.56   0.25   0.27   0.06   0.11   0.10
KIE:pk10            0.300  0.300  0.357  0.344   0.55   0.22   0.21   0.01   0.07   0.07
VIX:lvl_rank1260    0.299  0.313  0.303  0.299   0.30   0.19   0.19   0.08   0.02   0.13
KIE:gk5             0.298  0.298  0.336  0.327   0.55   0.19   0.23   0.04   0.04   0.12
IWM:gk10            0.296  0.308  0.314  0.296   0.46   0.16   0.29   0.17   0.06   0.10
SPY:gk10            0.290  0.290  0.302  0.336   0.46   0.16   0.25   0.02   0.05   0.05
KIE:pk5             0.290  0.290  0.337  0.326   0.54   0.18   0.17   0.05   0.06   0.10
IWM:gk5             0.289  0.294  0.304  0.289   0.44   0.16   0.27   0.18   0.02   0.12
SPY:pk10            0.289  0.289  0.298  0.320   0.45   0.20   0.27   0.03   0.03   0.05
SPY:pk5             0.287  0.287  0.311  0.316   0.44   0.19   0.25   0.04   0.01   0.07
IWM:cc21            0.287  0.311  0.287  0.298   0.48   0.19   0.22   0.11   0.11   0.16
SPY:gk5             0.287  0.287  0.308  0.332   0.46   0.19   0.21   0.04   0.01   0.07
XLI:cc10            0.286  0.286  0.323  0.295   0.42   0.10   0.19   0.08   0.12   0.08
IWM:pk10            0.282  0.304  0.308  0.282   0.43   0.16   0.25   0.16   0.03   0.12
SPY:cc21            0.281  0.281  0.284  0.290   0.41   0.19   0.29   0.04   0.12   0.10
XLF:cc10            0.279  0.283  0.303  0.279   0.43   0.14   0.17   0.05   0.14   0.08
IWM:gk21            0.279  0.326  0.294  0.279   0.52   0.21   0.27   0.14   0.13   0.08
XLI:cc21            0.279  0.279  0.294  0.303   0.42   0.18   0.18   0.07   0.16   0.07
VIX:lvl_rank504     0.276  0.276  0.294  0.308   0.24   0.17   0.29   0.15   0.02   0.11
VIX9D:lvl_rank252   0.274  0.354  0.316  0.274   0.39   0.16   0.24   0.03   0.03   0.04
KBE:cc21            0.273  0.292  0.273  0.288   0.47   0.07   0.04   0.08   0.19   0.07
XLF:gk21            0.273  0.273  0.346  0.284   0.46   0.24   0.24   0.04   0.11   0.03
XLF:pk21            0.273  0.273  0.347  0.282   0.46   0.25   0.24   0.04   0.12   0.07
IWM:pk5             0.272  0.292  0.304  0.272   0.44   0.15   0.21   0.19   0.02   0.10
SPY:pk21            0.270  0.296  0.270  0.313   0.43   0.21   0.27   0.03   0.09   0.05
XLF:pk10            0.270  0.270  0.361  0.287   0.42   0.25   0.26   0.05   0.07   0.07

features with |IC| >= 0.05 in every era, same sign: 423 of 4126; >= 0.08: 130; >= 0.10: 62
by family (|IC|>=0.05): {'MF': 11, 'XSD': 8, 'XSW': 11, 'etf': 338, 'idx': 55}
14s
