VIX1D sample: 868 days from 2023-04-24

--- PEAKS anchor 2024-07-16 ---
                            -7    -6    -5    -4    -3    -2    -1    0     1     2     3     4     5     6     7 
VIX1D_roc1_z252          -1.13 -0.71  0.07  2.44 -0.86 -0.41  0.12 -0.14  1.36  0.68 -0.47 -1.00  0.38  1.84  0.06
VIX1D_roc3_z252           0.20 -0.71 -1.49  1.54  1.40  0.99 -0.96 -0.36  1.12  1.58  1.31 -0.65 -0.91  1.02  1.89
VIX1D_roc5_z252          -0.85 -1.59 -0.33  1.43 -0.14  0.47  1.17  0.99  0.05  1.37  1.31  0.37  0.80  1.22  0.70
TS_VIX1D_VIX9D_roc3_z252  0.27 -1.01 -1.88  1.33  1.47  1.36 -1.18 -0.55  0.37  1.01  0.52 -1.24 -0.97  0.06  1.02
TS_VIX1D_VIX9D            0.79  0.65  0.66  1.09  0.93  0.92  0.82  0.81  1.00  1.04  0.93  0.75  0.82  0.94  0.95
VIX9D_roc3_z252          -0.07  0.34  0.29  0.82  0.27 -0.39  0.12  0.26  1.71  1.55  1.85  0.88 -0.16  2.06  2.17
VIX_roc3_z252             0.27  0.36  0.43  0.38  0.55 -0.03  0.26  0.26  1.81  2.30  2.62  0.32 -0.94  1.01  2.44
X_VVIX_VIX_roc5_z252     -0.43 -0.09  0.13  0.19  0.18  0.55  0.10 -0.07 -0.94 -1.42 -1.48 -0.23 -0.55 -0.51 -0.74
SKEW_roc10_z252           0.15 -0.38  0.43  1.11  0.96  0.86  0.63  0.62 -0.11  0.23 -0.38 -0.84 -1.64 -2.26 -2.05
TNX_chg5_z252            -0.19 -0.59 -1.33 -1.16 -1.19 -0.63 -0.33 -1.00 -1.02 -0.08  0.30  0.17  0.46  0.95  0.43
MOVE_roc5_z252            0.43 -0.05 -1.34 -1.86 -1.73 -1.62 -0.40 -0.18 -0.23  0.40  1.17  0.04  0.21  0.60  1.04

--- PEAKS anchor 2025-01-23 ---
                            -7    -6    -5    -4    -3    -2    -1    0     1     2     3     4     5     6     7 
VIX1D_roc1_z252           0.09  1.03 -1.78  0.18  0.13 -1.25 -0.31 -0.12 -0.10  1.74 -0.31  0.61 -0.33  0.41  0.35
VIX1D_roc3_z252           0.44  0.50 -0.52 -0.45 -1.15 -0.74 -1.11 -1.30 -0.41  1.18  1.03  1.57 -0.02  0.53  0.33
VIX1D_roc5_z252           0.95  1.73 -0.14 -0.70 -0.27 -1.24 -2.19 -0.99 -1.19 -0.03  0.65  1.31  1.16  1.52  0.52
TS_VIX1D_VIX9D_roc3_z252  0.06  0.27  0.24  0.27 -0.63 -1.13 -1.20 -1.63 -0.17  0.48  0.63  1.31  0.79  0.94 -0.17
TS_VIX1D_VIX9D            0.90  1.24  0.98  0.96  1.05  0.73  0.71  0.69  0.70  0.80  0.81  0.98  0.98  1.04  0.94
VIX9D_roc3_z252           0.68  0.52 -1.17 -1.08 -1.18  0.12 -0.44 -0.25 -0.49  1.42  0.99  1.11 -0.97 -0.23  0.76
VIX_roc3_z252             0.48  0.35 -1.34 -1.01 -1.09 -0.47 -0.65 -0.43 -0.11  1.14  0.59  0.72 -0.85 -0.01  0.78
X_VVIX_VIX_roc5_z252     -0.15 -0.47  0.24  0.34  1.01  1.64  1.92  1.17  1.55 -0.45 -0.44 -1.10 -0.88 -1.20 -0.68
SKEW_roc10_z252          -0.35 -0.11  0.13 -0.23  0.64  1.27  2.24  1.95  1.52  1.40 -0.66 -0.96 -0.67 -0.83 -0.92
TNX_chg5_z252             1.49  1.20 -0.35 -0.78 -1.39 -1.84 -1.52 -0.19  0.08 -0.69 -0.24 -0.40 -1.02 -0.50  0.04
MOVE_roc5_z252            1.28  0.52 -1.18 -0.98 -0.10 -0.79 -1.49 -0.57 -0.77 -0.03 -0.46  0.15  0.31  0.71 -0.08

--- PEAKS anchor 2026-01-27 ---
                            -7    -6    -5    -4    -3    -2    -1    0     1     2     3     4     5     6     7 
VIX1D_roc1_z252          -0.41  0.60  1.25 -1.27 -0.44  0.88 -1.67  0.66  0.89  0.14  0.71 -2.17  1.67  0.75  0.92
VIX1D_roc3_z252           0.33  0.41  1.05  0.42 -0.35 -0.62 -0.92 -0.10 -0.09  1.26  1.30 -0.99  0.16  0.20  2.50
VIX1D_roc5_z252          -0.62  0.99  1.47  0.34 -0.19  0.66 -0.83 -1.21  0.20  0.59  0.48  0.15  0.83  0.75  1.27
TS_VIX1D_VIX9D_roc3_z252  0.31  0.70 -0.24 -0.46 -1.19  0.32 -1.06 -0.27 -0.00  1.70  1.57 -1.35 -0.25 -0.44  1.71
TS_VIX1D_VIX9D            0.86  1.02  0.84  0.77  0.76  0.91  0.60  0.71  0.91  0.90  1.05  0.66  0.85  0.94  0.99
VIX9D_roc3_z252           0.18 -0.16  2.09  1.28  0.87 -1.43 -0.27  0.15 -0.16  0.06  0.29 -0.03  0.58  0.88  2.18
VIX_roc3_z252             0.35 -0.04  1.30  0.46 -0.11 -1.59 -0.33  0.31  0.11  0.32  0.46 -0.01  0.46  0.48  2.04
X_VVIX_VIX_roc5_z252      1.05  0.64 -0.66 -0.49 -0.22 -0.07 -0.47  0.74  0.16 -0.22 -0.23 -0.25 -0.84 -0.90 -1.35
SKEW_roc10_z252           0.33  1.22  1.28 -0.14 -0.19 -0.26  0.28 -0.18 -0.60 -0.82 -0.74 -0.63 -1.05 -0.05 -0.38
TNX_chg5_z252            -0.11  0.68  1.13  0.88  1.13  0.84 -0.11 -0.63  0.05 -0.14  0.09  0.66  0.55  0.29 -0.11
MOVE_roc5_z252           -2.00 -0.59  0.82 -0.13 -0.22  0.13 -0.38 -1.97 -0.33  0.98  0.72  0.85  0.41  0.12  0.39

--- TROUGHS anchor 2023-10-27 ---
                            -7    -6    -5    -4    -3    -2    -1    0     1     2     3     4     5     6     7 
VIX1D_roc1_z252            NaN   NaN   NaN   NaN   NaN   NaN   NaN   NaN   NaN   NaN   NaN   NaN   NaN   NaN   NaN
VIX1D_roc3_z252            NaN   NaN   NaN   NaN   NaN   NaN   NaN   NaN   NaN   NaN   NaN   NaN   NaN   NaN   NaN
VIX1D_roc5_z252            NaN   NaN   NaN   NaN   NaN   NaN   NaN   NaN   NaN   NaN   NaN   NaN   NaN   NaN   NaN
TS_VIX1D_VIX9D_roc3_z252   NaN   NaN   NaN   NaN   NaN   NaN   NaN   NaN   NaN   NaN   NaN   NaN   NaN   NaN   NaN
TS_VIX1D_VIX9D            0.93  0.95  1.00  0.79  0.83  0.86  0.90  0.97  0.79  0.95  0.88  1.01  0.97  0.74  0.73
VIX9D_roc3_z252           0.10  1.60  1.15  0.66 -0.71 -0.06  0.07  0.74  0.08 -0.60 -1.61 -2.10 -2.19 -0.97 -0.28
VIX_roc3_z252             0.02  2.56  2.25  0.71 -1.31 -0.76  0.22  1.33 -0.21 -1.43 -2.53 -2.49 -2.07 -1.29 -0.54
X_VVIX_VIX_roc5_z252     -0.39 -0.27 -0.75 -0.60 -0.52 -1.09 -1.34 -1.37 -1.38 -0.95 -0.25  0.79  1.63  1.79  1.65
SKEW_roc10_z252           0.82  1.04  0.95 -0.07 -0.50 -0.87 -0.51 -1.71 -1.22 -1.61 -1.15 -0.66 -0.53  0.44  0.87
TNX_chg5_z252             1.85  1.63  1.74  0.69 -0.14  0.22 -0.99 -0.59  0.14  0.12 -1.15 -1.22 -1.91 -1.42 -1.98
MOVE_roc5_z252            0.20  0.70  0.60  0.16 -0.14  0.19 -0.26 -0.47  0.03 -0.08 -0.87 -1.01 -0.85 -0.81 -0.55

--- TROUGHS anchor 2024-08-05 ---
                            -7    -6    -5    -4    -3    -2    -1    0     1     2     3     4     5     6     7 
VIX1D_roc1_z252           0.06 -0.89 -0.51  1.76 -1.11  1.81  0.37  1.65 -1.68  0.31 -1.13 -0.81  0.12  0.10 -1.16
VIX1D_roc3_z252           1.89  0.85 -1.09  0.30  0.11  2.03  0.88  3.12  0.27  0.22 -2.05 -1.33 -1.49 -0.48 -0.76
VIX1D_roc5_z252           0.70  0.35  0.77  1.92 -0.58  0.90  1.94  3.66  0.85  1.99 -0.41 -1.36 -2.57 -1.13 -2.28
TS_VIX1D_VIX9D_roc3_z252  1.02  0.44 -0.73  0.57  0.22  1.92  0.18 -0.22 -1.29 -0.65  0.01 -0.04 -0.56  0.50  0.10
TS_VIX1D_VIX9D            0.95  0.92  0.79  1.09  0.97  1.25  1.14  0.92  0.92  0.98  0.92  0.91  0.86  1.04  0.93
VIX9D_roc3_z252           2.17  1.02 -1.00 -0.39 -0.17  0.84  1.55  6.52  2.63  1.49 -3.89 -2.43 -1.90 -1.65 -1.55
VIX_roc3_z252             2.44  1.20 -0.99 -0.52 -0.05  1.27  3.14  8.29  3.74  1.58 -4.45 -2.80 -2.65 -2.40 -2.01
X_VVIX_VIX_roc5_z252     -0.74 -0.37 -1.63 -0.91 -0.28  0.89  0.23 -3.36 -0.61 -0.86 -0.84 -0.55  3.98  2.19  2.95
SKEW_roc10_z252          -2.05 -2.18 -2.12 -2.72 -1.05 -1.53 -0.76  0.47  0.96  0.98  1.28  1.46  1.38  1.89  0.57
TNX_chg5_z252             0.43 -0.34 -0.65 -0.74 -1.32 -2.04 -2.91 -2.75 -1.76 -0.96  0.17  1.07  0.88 -0.23 -1.01
MOVE_roc5_z252            1.04  0.52  0.62  0.77  0.67  0.40  1.88  2.76  2.28  1.66  1.07 -0.47 -0.32 -0.09 -0.76

--- TROUGHS anchor 2025-04-08 ---
                            -7    -6    -5    -4    -3    -2    -1    0     1     2     3     4     5     6     7 
VIX1D_roc1_z252           1.40 -0.56 -0.31  1.00  0.83  3.05 -0.75  0.34 -1.38  0.39 -0.15 -2.29 -0.33  1.04 -0.40
VIX1D_roc3_z252           1.96  0.80  0.41  0.10  1.16  3.66  2.37  1.99 -1.33 -0.49 -0.84 -1.50 -2.01 -1.14  0.23
VIX1D_roc5_z252           1.03  1.25  1.19  1.21  1.64  2.78  2.62  3.01  1.42  1.13 -1.04 -2.05 -2.46 -0.88 -1.39
TS_VIX1D_VIX9D_roc3_z252  1.94  0.28 -0.15 -0.08  0.51  2.15 -0.14  0.35 -0.54  0.18  0.54 -1.60 -0.97 -0.67  1.21
TS_VIX1D_VIX9D            1.12  0.87  0.82  1.10  0.99  1.43  1.06  1.09  1.25  1.11  1.25  0.83  0.87  1.05  1.13
VIX9D_roc3_z252           1.01  1.00  0.86  0.26  1.33  3.68  3.98  2.80 -1.55 -0.96 -1.90 -0.71 -2.18 -1.12 -0.90
VIX_roc3_z252             1.51  1.25  0.96 -0.08  1.90  4.53  4.62  3.19 -1.81 -0.90 -1.98 -0.55 -1.78 -0.85 -0.27
X_VVIX_VIX_roc5_z252      0.51 -0.61 -1.59  1.46 -2.27 -4.46 -3.61 -3.53 -2.84 -0.24  2.20  2.28  1.89 -1.21  0.25
SKEW_roc10_z252           0.83  1.31  0.58  0.71 -0.12 -0.44 -0.88 -1.10 -0.19 -1.21 -0.94 -1.11 -0.63 -1.15 -0.83
TNX_chg5_z252             0.01 -0.68 -1.19 -1.11 -2.42 -2.05 -0.67  0.85  1.60  2.59  3.77  1.56  0.47 -0.88 -0.42
MOVE_roc5_z252            0.27  0.70  1.27  1.70  2.30  2.86  3.26  3.04  1.97  1.38  0.87 -0.44 -1.45 -0.85 -1.24

--- TROUGHS anchor 2026-03-30 ---
                            -7    -6    -5    -4    -3    -2    -1    0     1     2     3     4     5     6     7 
VIX1D_roc1_z252          -0.25  1.29 -0.86 -0.43 -0.33  0.86  1.38 -1.54 -0.73  0.72  0.70 -1.61  2.15 -2.51 -0.59
VIX1D_roc3_z252           0.50  1.43  0.13 -0.01 -1.21  0.08  1.43  0.52 -0.67 -1.17  0.52 -0.14  0.95 -1.52 -0.73
VIX1D_roc5_z252          -0.42 -0.12  0.77  0.44 -0.42  0.37  0.44 -0.04 -0.25  0.49  0.38 -1.75  0.90 -0.39 -1.37
TS_VIX1D_VIX9D_roc3_z252  0.75  1.26 -0.07 -0.63 -1.41  0.23  1.68 -0.02 -0.47 -0.57  2.10 -0.16  0.73 -1.56  0.41
TS_VIX1D_VIX9D            0.86  1.07  0.83  0.73  0.76  0.88  1.12  0.75  0.79  0.97  1.27  0.76  1.17  0.86  0.84
VIX9D_roc3_z252          -0.06  0.92  0.31  0.77 -0.35 -0.15  0.39  0.93 -0.58 -1.31 -1.70 -0.05  0.73 -0.62 -1.85
VIX_roc3_z252             0.15  1.26  0.27  0.78 -0.42  0.31  0.97  1.30 -0.62 -1.69 -1.77 -0.32  0.35 -0.93 -1.68
X_VVIX_VIX_roc5_z252      0.32 -0.28 -0.68 -0.84 -0.81 -0.94 -1.11 -1.37 -0.01 -0.07  0.76  1.09  1.02  1.69  1.79
SKEW_roc10_z252          -2.07 -1.67 -2.01 -1.50 -1.47  0.51  0.15  0.09  0.05  0.98  1.15  1.12  0.83  0.98  0.30
TNX_chg5_z252             0.09  1.07  1.14  1.88  0.67  1.32  0.47  0.07 -0.81 -0.10 -1.04 -1.07 -0.02 -0.25 -0.31
MOVE_roc5_z252           -1.33  2.11  1.67  3.03  2.09  3.37  0.29  1.07 -0.81 -0.90 -3.38 -3.36 -2.78 -2.08 -2.07

corr dVIX1D_t vs dSPY_t+1: 0.038  vs dVIX_t+1: -0.097  vs dVIX9D_t+1: -0.183

TS_VIX1D_VIX9D quintiles:
    off        fwd5       fwd21        dd21      
   mean count  mean count  mean count  mean count
q                                                
0  0.06   170  0.22   170  1.11   170 -2.03   170
1  0.13   169  0.27   169  1.77   169 -2.09   169
2  0.12   169  0.34   169  1.75   169 -2.02   169
3  0.16   169  0.43   169  1.45   169 -2.31   169
4  0.12   170  0.69   170  2.13   170 -1.89   170

VIX1D_roc3_z252 quintiles:
      off        fwd5       fwd21        dd21      
     mean count  mean count  mean count  mean count
q                                                  
0.0  0.12   119  0.19   119  1.56   119 -2.39   119
1.0  0.13   118  0.49   118  1.25   118 -2.13   118
2.0  0.14   119  0.14   119  0.92   119 -2.76   119
3.0  0.11   118  0.44   118  1.59   118 -2.01   118
4.0  0.13   119  0.58   119  2.07   119 -2.01   119

TS_VIX1D_VIX9D_roc3_z252 quintiles:
      off        fwd5       fwd21        dd21      
     mean count  mean count  mean count  mean count
q                                                  
0.0  0.10   119  0.38   119  1.33   119 -2.10   119
1.0  0.15   118  0.09   118  1.08   118 -2.72   118
2.0  0.16   119  0.49   119  1.44   119 -2.53   119
3.0  0.14   118  0.45   118  1.63   118 -2.11   118
4.0  0.08   119  0.43   119  1.90   119 -1.85   119

VIX1D_roc5_z252 quintiles:
      off        fwd5       fwd21        dd21      
     mean count  mean count  mean count  mean count
q                                                  
0.0  0.08   119  0.49   119  1.58   119 -2.18   119
1.0  0.14   118  0.31   118  1.10   118 -2.43   118
2.0  0.12   118  0.13   118  1.00   118 -2.34   118
3.0  0.10   118  0.32   118  1.74   118 -2.10   118
4.0  0.19   118  0.58   118  1.93   118 -2.27   118
