
=== VOLUME around 36 RISK-OFF PEAKS (median z) ===
                      -10   -9    -8    -7    -6    -5    -4    -3    -2    -1     0     1     2     3     4     5     6     7     8     9     10
SPY v_rel21 (n=35)  -0.14 -0.17  0.18 -0.04 -0.03 -0.30 -0.32 -0.06 -0.04 -0.31 -0.44 -0.19  0.24  0.02 -0.05  0.06  0.27  0.31  0.42  0.05  0.31
SPY v_roc5z (n=35)   0.05 -0.04 -0.12 -0.05 -0.07 -0.11 -0.29 -0.25 -0.19  0.03 -0.11 -0.01  0.08  0.04  0.26  0.21  0.36  0.32  0.41  0.24  0.22
SPY v_roc21z (n=35) -0.37 -0.36 -0.33 -0.47 -0.35 -0.46 -0.46 -0.51 -0.42 -0.55 -0.45 -0.37 -0.38 -0.20 -0.15 -0.17 -0.13 -0.12 -0.17 -0.23 -0.09
SPY upvol (n=35)    -0.25 -0.03 -0.11 -0.23  0.04 -0.11 -0.27 -0.02 -0.23 -0.11 -0.11  0.01  0.00 -0.35 -0.36 -0.21 -0.36 -0.27 -0.41 -0.18 -0.25
QQQ v_rel21 (n=28)  -0.29 -0.17 -0.03 -0.02 -0.10 -0.11 -0.40 -0.32  0.08 -0.16 -0.06  0.11  0.21  0.32  0.35  0.38  0.61  0.62  0.68  0.27  0.31
QQQ v_roc5z (n=29)  -0.30 -0.19 -0.16 -0.02 -0.01  0.13 -0.06 -0.15 -0.26 -0.10 -0.07  0.20  0.41  0.13  0.19  0.47  0.63  0.51  0.50  0.38  0.16
QQQ v_roc21z (n=28) -0.17 -0.24 -0.24 -0.21 -0.37 -0.37 -0.44 -0.51 -0.46 -0.51 -0.53 -0.35 -0.28 -0.35 -0.46 -0.28 -0.28 -0.28 -0.27 -0.14 -0.12
QQQ upvol (n=29)    -0.21 -0.22 -0.19 -0.03 -0.15 -0.44 -0.40  0.12 -0.17 -0.15 -0.10  0.19 -0.27  0.07 -0.10 -0.47 -0.46 -0.45 -0.50 -0.27 -0.11
IWM v_rel21 (n=26)  -0.39 -0.38 -0.07  0.06 -0.10 -0.31 -0.41  0.02 -0.07 -0.24 -0.41  0.05  0.31  0.69  0.19  0.21  0.55  0.56  0.54  0.32  0.39
IWM v_roc5z (n=26)  -0.06  0.01  0.09 -0.05 -0.08  0.04  0.07  0.06 -0.23 -0.24 -0.17  0.08  0.12  0.20  0.30  0.18  0.38  0.41  0.30  0.55  0.28
IWM v_roc21z (n=26) -0.45 -0.41 -0.40 -0.47 -0.46 -0.64 -0.77 -0.78 -0.76 -0.52 -0.27 -0.25 -0.24 -0.22 -0.44 -0.22 -0.14 -0.08 -0.08 -0.05 -0.03
IWM upvol (n=26)    -0.06 -0.07 -0.23  0.16  0.01 -0.32 -0.20  0.10 -0.32 -0.27  0.08  0.07 -0.15  0.13 -0.19 -0.21 -0.50 -0.45 -0.19 -0.32 -0.22
HYG v_rel21 (n=18)  -0.09  0.10 -0.22 -0.18  0.03 -0.54 -0.07 -0.05 -0.17 -0.10 -0.25 -0.04  0.49  0.30 -0.14  0.69  0.50  0.37  0.35  0.35  0.38
HYG v_roc5z (n=19)  -0.08  0.07  0.23  0.31  0.12 -0.10 -0.08 -0.02  0.01 -0.07 -0.08 -0.34 -0.07  0.35  0.36 -0.05  0.42  0.30  0.18  0.48  0.13
HYG v_roc21z (n=18) -0.34 -0.27 -0.10 -0.15 -0.07  0.06  0.09 -0.10 -0.08 -0.23 -0.31 -0.37 -0.32 -0.24 -0.15 -0.05 -0.04  0.01  0.18  0.30  0.22
HYG upvol (n=19)    -0.08 -0.07 -0.08  0.07  0.10 -0.10  0.12  0.12 -0.28 -0.11 -0.38  0.43  0.15 -0.00 -0.50 -0.21 -0.42 -0.32 -0.07  0.20 -0.03

=== VOLUME around 40 RISK-ON TROUGHS (median z) ===
                      -10   -9    -8    -7    -6    -5    -4    -3    -2    -1     0     1     2     3     4     5     6     7     8     9     10
SPY v_rel21 (n=40)   0.25  0.37  0.22  0.19  0.33  0.06  0.37  0.44  0.59  0.92  0.83  0.98  0.20 -0.13 -0.20 -0.36 -0.27 -0.32 -0.40 -0.48 -0.52
SPY v_roc5z (n=40)   0.11 -0.07  0.33  0.01  0.23  0.16  0.19  0.31  0.56  0.74  0.56  0.79  0.50  0.35  0.00 -0.65 -1.20 -1.13 -1.08 -1.01 -0.68
SPY v_roc21z (n=40)  0.18  0.30  0.33  0.49  0.50  0.49  0.48  0.57  0.66  0.86  0.94  0.99  1.07  0.93  0.95  0.89  0.93  0.96  0.90  0.85  0.74
SPY upvol (n=40)    -0.44 -0.45 -0.60 -0.19 -0.16 -0.46 -0.31 -0.46 -0.80 -0.78 -0.56 -0.77 -0.28  0.02 -0.47 -0.65 -0.93 -1.05 -0.89 -0.50 -0.41
QQQ v_rel21 (n=34)   0.11  0.17  0.18  0.13  0.44  0.15  0.34  0.42  0.49  0.73  0.60  0.62  0.17 -0.14 -0.68 -0.40 -0.35 -0.23 -0.53 -0.49 -0.35
QQQ v_roc5z (n=34)   0.14  0.10  0.28  0.23  0.03  0.21  0.15  0.18  0.58  0.57  0.53  0.54  0.48  0.26 -0.27 -0.79 -1.30 -1.12 -1.04 -0.81 -0.70
QQQ v_roc21z (n=34)  0.30  0.42  0.38  0.40  0.48  0.56  0.56  0.58  0.53  0.61  0.67  0.57  0.72  0.58  0.58  0.62  0.64  0.57  0.46  0.40  0.43
QQQ upvol (n=34)    -0.44 -0.36 -0.30 -0.30 -0.10 -0.28 -0.28 -0.38 -0.58 -0.59 -0.53 -0.35 -0.10 -0.01 -0.27 -0.79 -1.09 -0.47 -0.81 -0.59 -0.61
IWM v_rel21 (n=32)   0.20  0.17  0.30  0.10  0.30  0.24  0.16  0.40  0.45  0.36  0.39  0.85  0.07 -0.11 -0.31 -0.36 -0.33 -0.31 -0.13 -0.21 -0.37
IWM v_roc5z (n=32)   0.02  0.07 -0.10  0.12 -0.00  0.13  0.14  0.14  0.52  0.45  0.29  0.53  0.55  0.08 -0.27 -0.44 -0.73 -0.88 -0.86 -0.54 -0.29
IWM v_roc21z (n=32)  0.11  0.24  0.17  0.23  0.20  0.16  0.09  0.17  0.19  0.30  0.43  0.57  0.56  0.63  0.62  0.53  0.37  0.54  0.48  0.46  0.41
IWM upvol (n=32)    -0.32 -0.21 -0.24  0.08 -0.18 -0.38 -0.27 -0.31 -0.50 -0.45 -0.29 -0.39 -0.42 -0.14 -0.28 -0.41 -0.70 -0.85 -0.40 -0.19 -0.03
HYG v_rel21 (n=24)  -0.10 -0.27 -0.15 -0.05  0.02  0.36  0.16  0.22  0.81  0.92  0.57  0.43 -0.08  0.15 -0.47 -0.37 -0.09  0.12 -0.24 -0.36 -0.56
HYG v_roc5z (n=24)   0.27  0.06 -0.04 -0.35 -0.38 -0.38 -0.13 -0.01  0.40  0.60  0.95  1.01  0.95  0.30 -0.24 -0.52 -0.82 -1.03 -0.65 -0.51 -0.31
HYG v_roc21z (n=24)  0.16 -0.01  0.04  0.11 -0.02 -0.08 -0.02 -0.11  0.07  0.21  0.50  0.51  0.43  0.50  0.54  0.40  0.49  0.52  0.49  0.38  0.35
HYG upvol (n=24)    -0.52 -0.31 -0.02 -0.27 -0.27  0.02  0.04  0.01 -0.40 -0.60 -1.00 -0.86  0.10 -0.21  0.04 -0.52 -0.68 -0.56 -0.09 -0.11 -0.31

=== volume features as SPY drawdown predictors: P(5% DD/21d) by quintile (base 0.174), fwd21 by quintile ===
SPY  v_rel21   P: 0.166 0.179 0.173 0.177 0.203  fwd21:  0.75  0.69  0.87  1.03  1.01
SPY  v_roc5z   P: 0.172 0.172 0.178 0.165 0.210  fwd21:  0.81  0.63  0.90  1.06  0.93
SPY  v_roc21z  P: 0.161 0.188 0.173 0.193 0.176  fwd21:  0.67  0.53  0.83  0.77  1.61
SPY  upvol     P: 0.191 0.171 0.170 0.183 0.182  fwd21:  0.95  0.91  0.91  0.86  0.70
QQQ  v_rel21   P: 0.181 0.170 0.176 0.199 0.208  fwd21:  0.55  0.68  0.71  0.64  0.78
QQQ  v_roc5z   P: 0.184 0.184 0.197 0.168 0.209  fwd21:  0.55  0.56  0.55  1.01  0.64
QQQ  v_roc21z  P: 0.172 0.224 0.154 0.171 0.208  fwd21:  0.37  0.23  1.00  0.92  0.89
QQQ  upvol     P: 0.195 0.180 0.177 0.187 0.203  fwd21:  0.72  0.72  0.59  0.66  0.63
IWM  v_rel21   P: 0.152 0.174 0.206 0.162 0.178  fwd21:  0.72  0.62  0.49  0.87  1.12
IWM  v_roc5z   P: 0.152 0.190 0.163 0.195 0.173  fwd21:  0.78  0.37  0.94  0.54  1.15
IWM  v_roc21z  P: 0.147 0.194 0.188 0.174 0.170  fwd21:  0.72  0.59  0.39  0.70  1.45
IWM  upvol     P: 0.168 0.185 0.166 0.185 0.168  fwd21:  1.07  0.45  0.85  0.71  0.71
HYG  v_rel21   P: 0.188 0.166 0.172 0.153 0.202  fwd21:  0.57  1.09  0.71  1.29  1.03
HYG  v_roc5z   P: 0.172 0.172 0.206 0.153 0.176  fwd21:  0.68  0.89  0.81  1.14  1.14
HYG  v_roc21z  P: 0.170 0.118 0.177 0.147 0.258  fwd21:  0.75  1.75  0.65  1.07  0.61
HYG  upvol     P: 0.180 0.145 0.187 0.194 0.173  fwd21:  0.96  1.05  0.94  0.78  0.93
TLT  v_roc5z   P: 0.167 0.164 0.156 0.161 0.142  fwd21:  0.81  0.78  0.86  0.81  1.21
KRE  v_roc5z   P: 0.161 0.185 0.191 0.172 0.208  fwd21:  0.82  1.08  0.76  0.91  0.77
XLE  v_roc5z   P: 0.181 0.195 0.197 0.181 0.200  fwd21:  0.57  0.43  0.61  0.84  0.92

### SPY vol ROC5 z (rows) x VIX ROC5 z (cols): P(SPY 5% DD/21d) | mean fwd21 % | n
          P                   fwd21                      n                 
B       <-1 -1..0  0..1    >1   <-1 -1..0  0..1    >1  <-1 -1..0  0..1   >1
A                                                                          
<-1    0.15  0.17  0.16  0.17  1.05  0.81  0.70  1.12  273   535   263   59
-1..0  0.17  0.18  0.16  0.22  1.00  0.57  0.64  1.29  463  1391   911  213
0..1   0.20  0.17  0.17  0.17  0.92  0.88  1.05  1.49  246   991  1147  412
>1     0.21  0.20  0.21  0.23  0.21  0.54  0.72  1.25   68   237   424  419

### SPY signed vol (+up/-down) (rows) x VIX ROC5 z (cols): P(SPY 5% DD/21d) | mean fwd21 % | n
          P                   fwd21                      n                 
B       <-1 -1..0  0..1    >1   <-1 -1..0  0..1    >1  <-1 -1..0  0..1   >1
A                                                                          
<-1    0.15  0.17  0.20  0.23  1.08  0.87  0.73  1.23  276   515   434  417
-1..0  0.17  0.18  0.16  0.18  0.96  0.69  0.96  1.52  453  1354  1135  411
0..1   0.20  0.18  0.17  0.21  0.99  0.72  0.76  1.23  256  1031   925  214
>1     0.20  0.21  0.17  0.16  0.06  0.43  0.68  1.29   65   254   251   61

### SPY vol ROC5 z (rows) x SPY 5d return z (cols): P(SPY 5% DD/21d) | mean fwd21 % | n
          P                   fwd21                      n                 
B       <-1 -1..0  0..1    >1   <-1 -1..0  0..1    >1  <-1 -1..0  0..1   >1
A                                                                          
<-1    0.32  0.20  0.14  0.17  0.38  0.74  0.92  0.89   34   217   581  298
-1..0  0.26  0.20  0.16  0.16  1.32  0.64  0.59  0.92  180   794  1423  581
0..1   0.25  0.16  0.16  0.17  1.76  1.04  0.90  0.71  397   941  1090  368
>1     0.27  0.20  0.18  0.15  1.34  0.68  0.58  0.26  393   371   284  100

### SPY vol ROC5 z (rows) x VVIX/VIX ROC5 z (cols): P(SPY 5% DD/21d) | mean fwd21 % | n
          P                   fwd21                      n                
B       <-1 -1..0  0..1    >1   <-1 -1..0  0..1    >1  <-1 -1..0 0..1   >1
A                                                                         
<-1    0.14  0.12  0.15  0.15  0.77  1.42  0.50  1.27   37   187  247  168
-1..0  0.26  0.18  0.17  0.17  0.48  0.52  1.00  0.80  141   507  722  270
0..1   0.18  0.16  0.17  0.17  1.50  1.14  1.05  0.91  259   644  556  182
>1     0.25  0.17  0.24  0.23  0.95  0.86 -0.05  1.62  229   229  131   39

### HYG vol ROC5 z (rows) x VIX ROC5 z (cols): P(SPY 5% DD/21d) | mean fwd21 % | n
          P                   fwd21                      n                
B       <-1 -1..0  0..1    >1   <-1 -1..0  0..1    >1  <-1 -1..0 0..1   >1
A                                                                         
<-1    0.20  0.15  0.16  0.34  1.02  0.84  0.59 -0.16  122   322  155   61
-1..0  0.17  0.17  0.17  0.24  0.89  0.97  0.78  0.49  202   721  561  140
0..1   0.13  0.19  0.16  0.19  1.56  0.67  1.06  1.75  166   589  562  212
>1     0.17  0.16  0.19  0.21  1.08  0.98  0.77  1.46   47   191  238  188

### IWM vol ROC5 z (rows) x VIX ROC5 z (cols): P(SPY 5% DD/21d) | mean fwd21 % | n
          P                   fwd21                      n                
B       <-1 -1..0  0..1    >1   <-1 -1..0  0..1    >1  <-1 -1..0 0..1   >1
A                                                                         
<-1    0.15  0.15  0.16  0.12  1.18  0.55  0.72  1.72  192   414  234   52
-1..0  0.14  0.17  0.17  0.27  0.82  0.51  0.48  0.73  325  1055  711  164
0..1   0.18  0.17  0.17  0.24  0.82  0.91  0.75  0.63  200   795  858  341
>1     0.17  0.18  0.17  0.18  1.05  0.53  0.92  1.86   54   219  304  284

### SPY vol ROC21 z (rows) x VIX ROC21 z (cols): P(SPY 5% DD/21d) | mean fwd21 % | n
          P                   fwd21                      n                 
B       <-1 -1..0  0..1    >1   <-1 -1..0  0..1    >1  <-1 -1..0  0..1   >1
A                                                                          
<-1    0.17  0.14  0.13  0.09  0.18  0.93  1.33  2.24  382   642   222   22
-1..0  0.26  0.15  0.17  0.23 -0.01  0.77  0.87  0.28  447  1294   904  218
0..1   0.13  0.19  0.19  0.22  1.50  0.79  0.63  0.64  231   916  1030  429
>1     0.18  0.16  0.17  0.20  1.50  1.21  1.86  1.88   71   232   452  528

### SPY today vol vs month (rows) x VIX 1d ROC z (cols): P(SPY 5% DD/21d) | mean fwd21 % | n
          P                   fwd21                      n                 
B       <-1 -1..0  0..1    >1   <-1 -1..0  0..1    >1  <-1 -1..0  0..1   >1
A                                                                          
<-1    0.25  0.14  0.18  0.15  0.20  0.97  0.62  1.14   93   557   421   52
-1..0  0.19  0.17  0.17  0.20  0.62  0.78  0.71  0.74  318  1447  1059  220
0..1   0.21  0.17  0.16  0.20  1.01  0.91  1.05  1.01  394  1032   915  386
>1     0.18  0.22  0.21  0.21  1.17  0.31  0.86  1.57  179   246   323  398
